# MID channel histogram ((L+R)/2) (bin size: 16)
# Value	Count
-32672	2
-32496	1
-32432	2
-32416	1
-32368	1
-32352	1
-32336	1
-32304	2
-32272	1
-32256	1
-32240	3
-32208	4
-32192	1
-32176	1
-32160	2
-32144	4
-32032	2
-32000	1
-31984	1
-31968	2
-31952	1
-31936	1
-31920	2
-31904	1
-31888	2
-31872	2
-31856	1
-31840	1
-31808	3
-31760	1
-31728	2
-31680	1
-31664	1
-31632	1
-31600	2
-31568	1
-31552	2
-31520	1
-31504	2
-31488	2
-31472	1
-31456	2
-31440	1
-31424	1
-31376	1
-31344	2
-31328	1
-31312	6
-31280	3
-31264	2
-31248	2
-31232	4
-31216	1
-31200	3
-31184	1
-31168	4
-31152	1
-31136	1
-31120	1
-31104	1
-31088	2
-31072	1
-31056	4
-31040	1
-31024	1
-30976	1
-30944	1
-30880	1
-30864	2
-30832	3
-30800	3
-30784	2
-30768	1
-30752	1
-30736	3
-30656	1
-30624	3
-30608	2
-30592	1
-30544	1
-30528	2
-30512	2
-30496	1
-30480	1
-30464	2
-30432	2
-30416	1
-30384	1
-30368	7
-30352	4
-30336	1
-30320	2
-30304	1
-30256	2
-30240	2
-30224	3
-30208	4
-30192	3
-30176	5
-30160	3
-30128	2
-30112	2
-30096	4
-30080	2
-30064	4
-30048	2
-30016	4
-30000	2
-29984	4
-29968	6
-29952	1
-29936	3
-29920	1
-29904	1
-29888	4
-29872	3
-29840	1
-29824	4
-29808	5
-29792	6
-29776	3
-29760	3
-29728	6
-29696	5
-29680	1
-29664	5
-29648	1
-29632	4
-29616	1
-29600	1
-29584	1
-29568	4
-29552	2
-29536	3
-29520	2
-29504	2
-29488	3
-29472	5
-29440	2
-29424	5
-29408	5
-29392	4
-29376	4
-29360	4
-29344	4
-29312	4
-29296	1
-29264	2
-29248	4
-29232	2
-29216	1
-29184	3
-29168	2
-29152	4
-29136	4
-29120	2
-29104	3
-29088	5
-29072	3
-29056	2
-29040	3
-29024	2
-29008	3
-28992	4
-28976	2
-28960	1
-28944	8
-28928	2
-28912	1
-28896	3
-28880	2
-28864	5
-28848	3
-28832	3
-28816	5
-28800	3
-28784	4
-28768	4
-28752	4
-28736	3
-28720	2
-28704	3
-28688	2
-28672	1
-28656	2
-28640	4
-28624	6
-28608	3
-28592	1
-28576	5
-28560	6
-28544	3
-28528	7
-28512	5
-28496	5
-28480	4
-28464	3
-28448	2
-28432	12
-28416	4
-28400	2
-28384	6
-28368	2
-28352	1
-28336	5
-28320	3
-28304	3
-28288	5
-28272	2
-28256	4
-28240	1
-28224	2
-28208	5
-28192	2
-28176	2
-28160	2
-28144	2
-28128	3
-28112	3
-28096	3
-28064	5
-28048	2
-28032	2
-28016	3
-28000	2
-27984	2
-27968	3
-27952	2
-27936	4
-27920	2
-27904	3
-27888	3
-27872	5
-27856	2
-27824	5
-27808	5
-27792	5
-27776	2
-27760	1
-27744	2
-27728	1
-27696	3
-27680	2
-27664	6
-27648	3
-27632	2
-27616	3
-27600	4
-27584	2
-27552	3
-27536	3
-27520	2
-27504	5
-27488	5
-27472	6
-27456	8
-27440	2
-27424	5
-27408	3
-27392	5
-27376	4
-27360	7
-27344	6
-27328	3
-27312	6
-27296	4
-27280	4
-27264	4
-27248	1
-27232	4
-27216	1
-27200	7
-27184	4
-27168	4
-27152	3
-27136	3
-27120	5
-27104	4
-27088	6
-27072	3
-27056	3
-27040	6
-27024	5
-27008	5
-26992	2
-26976	5
-26960	6
-26944	2
-26928	10
-26912	7
-26896	5
-26880	12
-26864	1
-26848	1
-26832	2
-26816	3
-26800	4
-26784	5
-26768	3
-26752	3
-26736	6
-26720	1
-26704	5
-26688	6
-26672	4
-26656	5
-26640	4
-26624	3
-26608	6
-26592	6
-26576	3
-26560	8
-26544	4
-26528	4
-26512	11
-26496	5
-26480	3
-26464	4
-26448	2
-26432	1
-26416	3
-26400	2
-26384	4
-26368	1
-26352	4
-26336	4
-26320	5
-26304	8
-26288	8
-26272	9
-26256	5
-26240	5
-26224	4
-26208	8
-26192	2
-26176	5
-26160	5
-26144	6
-26128	9
-26112	4
-26096	3
-26080	6
-26064	6
-26048	2
-26032	5
-26016	4
-26000	5
-25984	3
-25968	4
-25952	5
-25936	5
-25920	4
-25904	3
-25888	8
-25872	13
-25856	9
-25840	5
-25824	10
-25808	5
-25792	3
-25776	3
-25760	5
-25744	2
-25728	7
-25712	10
-25696	2
-25680	3
-25664	3
-25648	1
-25632	10
-25616	7
-25600	5
-25584	6
-25568	7
-25552	6
-25536	2
-25520	2
-25504	2
-25488	7
-25472	8
-25456	3
-25440	4
-25424	6
-25408	5
-25392	5
-25376	4
-25360	4
-25344	9
-25328	8
-25312	4
-25296	8
-25280	6
-25264	5
-25248	4
-25232	6
-25216	6
-25200	6
-25184	6
-25168	5
-25152	7
-25136	7
-25120	7
-25104	3
-25088	4
-25072	6
-25056	6
-25040	7
-25024	4
-25008	5
-24992	5
-24976	7
-24960	6
-24944	8
-24928	8
-24912	11
-24896	9
-24880	7
-24864	8
-24848	8
-24832	7
-24816	10
-24800	8
-24784	3
-24768	6
-24752	7
-24736	4
-24720	4
-24704	5
-24688	8
-24672	9
-24656	7
-24640	10
-24624	9
-24608	4
-24592	4
-24576	7
-24560	5
-24544	2
-24528	7
-24512	11
-24496	8
-24480	8
-24464	4
-24448	8
-24432	6
-24416	9
-24400	5
-24384	6
-24368	5
-24352	7
-24336	7
-24320	8
-24304	9
-24288	9
-24272	5
-24256	6
-24240	8
-24224	6
-24208	6
-24192	4
-24176	3
-24160	11
-24144	7
-24128	8
-24112	6
-24096	6
-24080	6
-24064	8
-24048	4
-24032	5
-24016	10
-24000	6
-23984	7
-23968	8
-23952	12
-23936	6
-23920	8
-23904	6
-23888	9
-23872	16
-23856	8
-23840	12
-23824	12
-23808	8
-23792	7
-23776	7
-23760	10
-23744	7
-23728	6
-23712	9
-23696	9
-23680	9
-23664	7
-23648	6
-23632	7
-23616	8
-23600	12
-23584	5
-23568	9
-23552	3
-23536	5
-23520	15
-23504	10
-23488	7
-23472	12
-23456	9
-23440	3
-23424	6
-23408	6
-23392	9
-23376	7
-23360	5
-23344	13
-23328	6
-23312	9
-23296	7
-23280	10
-23264	12
-23248	13
-23232	8
-23216	10
-23200	7
-23184	12
-23168	10
-23152	4
-23136	7
-23120	9
-23104	12
-23088	10
-23072	7
-23056	5
-23040	13
-23024	11
-23008	9
-22992	7
-22976	11
-22960	16
-22944	12
-22928	10
-22912	21
-22896	9
-22880	8
-22864	7
-22848	10
-22832	7
-22816	9
-22800	10
-22784	11
-22768	10
-22752	15
-22736	12
-22720	9
-22704	14
-22688	7
-22672	15
-22656	16
-22640	8
-22624	14
-22608	8
-22592	13
-22576	6
-22560	16
-22544	12
-22528	11
-22512	10
-22496	13
-22480	12
-22464	12
-22448	15
-22432	8
-22416	13
-22400	4
-22384	9
-22368	11
-22352	14
-22336	14
-22320	5
-22304	11
-22288	9
-22272	14
-22256	14
-22240	8
-22224	12
-22208	14
-22192	17
-22176	15
-22160	8
-22144	10
-22128	9
-22112	14
-22096	14
-22080	11
-22064	12
-22048	13
-22032	17
-22016	14
-22000	10
-21984	12
-21968	14
-21952	14
-21936	13
-21920	12
-21904	8
-21888	15
-21872	9
-21856	10
-21840	13
-21824	13
-21808	9
-21792	9
-21776	13
-21760	20
-21744	19
-21728	10
-21712	16
-21696	7
-21680	14
-21664	14
-21648	12
-21632	15
-21616	16
-21600	15
-21584	12
-21568	16
-21552	17
-21536	14
-21520	10
-21504	11
-21488	14
-21472	17
-21456	11
-21440	11
-21424	24
-21408	22
-21392	18
-21376	12
-21360	12
-21344	18
-21328	19
-21312	14
-21296	18
-21280	18
-21264	12
-21248	15
-21232	15
-21216	14
-21200	18
-21184	23
-21168	9
-21152	14
-21136	15
-21120	10
-21104	23
-21088	16
-21072	28
-21056	15
-21040	20
-21024	7
-21008	12
-20992	25
-20976	17
-20960	19
-20944	15
-20928	27
-20912	20
-20896	25
-20880	18
-20864	15
-20848	18
-20832	20
-20816	20
-20800	17
-20784	12
-20768	22
-20752	19
-20736	17
-20720	17
-20704	14
-20688	22
-20672	24
-20656	10
-20640	18
-20624	11
-20608	18
-20592	13
-20576	23
-20560	28
-20544	20
-20528	13
-20512	9
-20496	18
-20480	18
-20464	18
-20448	19
-20432	17
-20416	14
-20400	14
-20384	25
-20368	26
-20352	12
-20336	20
-20320	24
-20304	16
-20288	17
-20272	25
-20256	17
-20240	16
-20224	21
-20208	23
-20192	19
-20176	28
-20160	23
-20144	29
-20128	18
-20112	17
-20096	16
-20080	20
-20064	24
-20048	21
-20032	19
-20016	34
-20000	17
-19984	25
-19968	14
-19952	21
-19936	15
-19920	23
-19904	22
-19888	23
-19872	22
-19856	25
-19840	24
-19824	30
-19808	28
-19792	20
-19776	22
-19760	14
-19744	23
-19728	29
-19712	23
-19696	33
-19680	26
-19664	29
-19648	21
-19632	22
-19616	22
-19600	21
-19584	21
-19568	28
-19552	28
-19536	22
-19520	28
-19504	18
-19488	26
-19472	27
-19456	29
-19440	27
-19424	25
-19408	28
-19392	31
-19376	23
-19360	25
-19344	24
-19328	23
-19312	21
-19296	24
-19280	24
-19264	26
-19248	22
-19232	26
-19216	21
-19200	28
-19184	24
-19168	32
-19152	23
-19136	30
-19120	27
-19104	21
-19088	25
-19072	29
-19056	28
-19040	29
-19024	25
-19008	19
-18992	34
-18976	21
-18960	23
-18944	32
-18928	22
-18912	24
-18896	26
-18880	24
-18864	34
-18848	27
-18832	38
-18816	36
-18800	33
-18784	22
-18768	19
-18752	31
-18736	38
-18720	39
-18704	29
-18688	24
-18672	34
-18656	36
-18640	32
-18624	35
-18608	21
-18592	36
-18576	28
-18560	32
-18544	27
-18528	23
-18512	32
-18496	27
-18480	25
-18464	34
-18448	36
-18432	29
-18416	26
-18400	28
-18384	34
-18368	33
-18352	37
-18336	24
-18320	35
-18304	24
-18288	33
-18272	33
-18256	29
-18240	27
-18224	36
-18208	36
-18192	31
-18176	37
-18160	30
-18144	29
-18128	35
-18112	37
-18096	30
-18080	34
-18064	40
-18048	32
-18032	40
-18016	25
-18000	40
-17984	27
-17968	30
-17952	39
-17936	35
-17920	33
-17904	28
-17888	31
-17872	29
-17856	31
-17840	35
-17824	41
-17808	41
-17792	39
-17776	36
-17760	35
-17744	45
-17728	37
-17712	34
-17696	28
-17680	42
-17664	33
-17648	32
-17632	26
-17616	40
-17600	29
-17584	49
-17568	26
-17552	41
-17536	31
-17520	26
-17504	39
-17488	38
-17472	41
-17456	40
-17440	40
-17424	37
-17408	39
-17392	29
-17376	40
-17360	38
-17344	37
-17328	43
-17312	46
-17296	45
-17280	56
-17264	19
-17248	45
-17232	37
-17216	40
-17200	41
-17184	40
-17168	41
-17152	38
-17136	37
-17120	54
-17104	36
-17088	47
-17072	34
-17056	35
-17040	52
-17024	48
-17008	37
-16992	38
-16976	42
-16960	41
-16944	48
-16928	42
-16912	59
-16896	42
-16880	52
-16864	43
-16848	39
-16832	48
-16816	45
-16800	49
-16784	52
-16768	46
-16752	47
-16736	59
-16720	34
-16704	35
-16688	46
-16672	42
-16656	54
-16640	34
-16624	38
-16608	60
-16592	55
-16576	46
-16560	44
-16544	52
-16528	41
-16512	40
-16496	46
-16480	54
-16464	43
-16448	41
-16432	59
-16416	53
-16400	38
-16384	56
-16368	52
-16352	55
-16336	53
-16320	40
-16304	53
-16288	56
-16272	49
-16256	61
-16240	52
-16224	53
-16208	50
-16192	49
-16176	52
-16160	43
-16144	57
-16128	44
-16112	47
-16096	58
-16080	48
-16064	54
-16048	48
-16032	50
-16016	53
-16000	50
-15984	54
-15968	58
-15952	48
-15936	50
-15920	60
-15904	50
-15888	53
-15872	35
-15856	70
-15840	52
-15824	57
-15808	68
-15792	57
-15776	66
-15760	75
-15744	48
-15728	60
-15712	72
-15696	70
-15680	64
-15664	49
-15648	63
-15632	51
-15616	65
-15600	63
-15584	64
-15568	61
-15552	63
-15536	72
-15520	64
-15504	65
-15488	67
-15472	56
-15456	62
-15440	58
-15424	60
-15408	57
-15392	52
-15376	63
-15360	70
-15344	57
-15328	72
-15312	65
-15296	63
-15280	65
-15264	58
-15248	76
-15232	66
-15216	58
-15200	69
-15184	76
-15168	59
-15152	81
-15136	67
-15120	61
-15104	78
-15088	61
-15072	71
-15056	47
-15040	80
-15024	77
-15008	75
-14992	68
-14976	79
-14960	64
-14944	61
-14928	60
-14912	66
-14896	63
-14880	81
-14864	65
-14848	64
-14832	75
-14816	73
-14800	73
-14784	59
-14768	60
-14752	71
-14736	63
-14720	69
-14704	71
-14688	81
-14672	83
-14656	79
-14640	67
-14624	71
-14608	68
-14592	70
-14576	77
-14560	63
-14544	79
-14528	70
-14512	70
-14496	76
-14480	89
-14464	80
-14448	85
-14432	94
-14416	66
-14400	73
-14384	75
-14368	66
-14352	64
-14336	85
-14320	81
-14304	75
-14288	78
-14272	76
-14256	80
-14240	88
-14224	77
-14208	72
-14192	88
-14176	84
-14160	81
-14144	83
-14128	63
-14112	86
-14096	86
-14080	72
-14064	86
-14048	88
-14032	79
-14016	85
-14000	86
-13984	83
-13968	88
-13952	85
-13936	76
-13920	90
-13904	71
-13888	81
-13872	90
-13856	79
-13840	93
-13824	91
-13808	76
-13792	93
-13776	82
-13760	90
-13744	89
-13728	88
-13712	84
-13696	90
-13680	77
-13664	100
-13648	93
-13632	92
-13616	89
-13600	93
-13584	94
-13568	79
-13552	91
-13536	75
-13520	115
-13504	97
-13488	74
-13472	86
-13456	100
-13440	96
-13424	94
-13408	95
-13392	93
-13376	94
-13360	88
-13344	97
-13328	91
-13312	100
-13296	95
-13280	106
-13264	87
-13248	75
-13232	113
-13216	108
-13200	91
-13184	100
-13168	104
-13152	111
-13136	87
-13120	93
-13104	92
-13088	114
-13072	85
-13056	94
-13040	78
-13024	89
-13008	106
-12992	108
-12976	116
-12960	109
-12944	105
-12928	107
-12912	100
-12896	112
-12880	108
-12864	115
-12848	102
-12832	119
-12816	104
-12800	112
-12784	96
-12768	85
-12752	98
-12736	107
-12720	120
-12704	103
-12688	114
-12672	100
-12656	114
-12640	99
-12624	98
-12608	130
-12592	122
-12576	110
-12560	119
-12544	118
-12528	122
-12512	118
-12496	103
-12480	124
-12464	123
-12448	124
-12432	135
-12416	99
-12400	103
-12384	116
-12368	116
-12352	114
-12336	114
-12320	112
-12304	122
-12288	113
-12272	116
-12256	117
-12240	105
-12224	130
-12208	111
-12192	115
-12176	129
-12160	137
-12144	127
-12128	108
-12112	106
-12096	109
-12080	128
-12064	140
-12048	109
-12032	118
-12016	125
-12000	100
-11984	114
-11968	126
-11952	129
-11936	131
-11920	122
-11904	119
-11888	136
-11872	136
-11856	108
-11840	114
-11824	124
-11808	123
-11792	116
-11776	123
-11760	133
-11744	128
-11728	137
-11712	127
-11696	120
-11680	149
-11664	128
-11648	124
-11632	134
-11616	132
-11600	131
-11584	126
-11568	116
-11552	150
-11536	138
-11520	129
-11504	142
-11488	144
-11472	138
-11456	129
-11440	139
-11424	134
-11408	131
-11392	148
-11376	159
-11360	144
-11344	162
-11328	149
-11312	135
-11296	141
-11280	152
-11264	158
-11248	143
-11232	152
-11216	129
-11200	155
-11184	138
-11168	142
-11152	131
-11136	154
-11120	141
-11104	147
-11088	128
-11072	135
-11056	133
-11040	145
-11024	127
-11008	173
-10992	156
-10976	179
-10960	133
-10944	164
-10928	151
-10912	148
-10896	147
-10880	150
-10864	143
-10848	161
-10832	145
-10816	158
-10800	137
-10784	151
-10768	169
-10752	147
-10736	148
-10720	137
-10704	150
-10688	150
-10672	169
-10656	170
-10640	150
-10624	144
-10608	165
-10592	163
-10576	152
-10560	151
-10544	169
-10528	169
-10512	162
-10496	150
-10480	161
-10464	154
-10448	179
-10432	154
-10416	173
-10400	174
-10384	160
-10368	146
-10352	154
-10336	174
-10320	181
-10304	163
-10288	163
-10272	167
-10256	162
-10240	150
-10224	190
-10208	190
-10192	159
-10176	166
-10160	169
-10144	165
-10128	177
-10112	160
-10096	135
-10080	159
-10064	184
-10048	179
-10032	174
-10016	181
-10000	197
-9984	196
-9968	178
-9952	213
-9936	171
-9920	161
-9904	192
-9888	169
-9872	176
-9856	157
-9840	194
-9824	163
-9808	186
-9792	182
-9776	167
-9760	186
-9744	207
-9728	193
-9712	218
-9696	177
-9680	165
-9664	187
-9648	201
-9632	190
-9616	209
-9600	190
-9584	199
-9568	203
-9552	170
-9536	213
-9520	193
-9504	212
-9488	208
-9472	179
-9456	172
-9440	187
-9424	196
-9408	185
-9392	200
-9376	194
-9360	200
-9344	184
-9328	215
-9312	198
-9296	192
-9280	202
-9264	205
-9248	211
-9232	209
-9216	210
-9200	203
-9184	206
-9168	191
-9152	232
-9136	211
-9120	205
-9104	220
-9088	198
-9072	207
-9056	202
-9040	186
-9024	192
-9008	216
-8992	193
-8976	203
-8960	187
-8944	210
-8928	202
-8912	234
-8896	206
-8880	230
-8864	193
-8848	193
-8832	226
-8816	212
-8800	206
-8784	239
-8768	249
-8752	220
-8736	220
-8720	231
-8704	214
-8688	200
-8672	219
-8656	222
-8640	197
-8624	222
-8608	251
-8592	209
-8576	233
-8560	233
-8544	225
-8528	232
-8512	237
-8496	202
-8480	250
-8464	218
-8448	230
-8432	240
-8416	225
-8400	229
-8384	244
-8368	249
-8352	230
-8336	236
-8320	223
-8304	241
-8288	246
-8272	223
-8256	255
-8240	235
-8224	252
-8208	250
-8192	247
-8176	235
-8160	230
-8144	237
-8128	223
-8112	244
-8096	239
-8080	261
-8064	256
-8048	243
-8032	224
-8016	261
-8000	260
-7984	249
-7968	250
-7952	259
-7936	227
-7920	223
-7904	223
-7888	245
-7872	245
-7856	236
-7840	217
-7824	232
-7808	252
-7792	276
-7776	238
-7760	240
-7744	266
-7728	213
-7712	226
-7696	249
-7680	253
-7664	251
-7648	256
-7632	251
-7616	268
-7600	266
-7584	245
-7568	223
-7552	282
-7536	239
-7520	280
-7504	258
-7488	275
-7472	280
-7456	258
-7440	253
-7424	269
-7408	243
-7392	278
-7376	260
-7360	270
-7344	251
-7328	258
-7312	251
-7296	269
-7280	269
-7264	258
-7248	297
-7232	274
-7216	283
-7200	269
-7184	276
-7168	261
-7152	280
-7136	248
-7120	280
-7104	262
-7088	257
-7072	245
-7056	257
-7040	275
-7024	254
-7008	256
-6992	280
-6976	287
-6960	266
-6944	267
-6928	296
-6912	275
-6896	281
-6880	292
-6864	304
-6848	274
-6832	274
-6816	301
-6800	279
-6784	296
-6768	278
-6752	317
-6736	266
-6720	288
-6704	271
-6688	291
-6672	281
-6656	310
-6640	260
-6624	281
-6608	277
-6592	279
-6576	277
-6560	285
-6544	317
-6528	281
-6512	308
-6496	294
-6480	299
-6464	282
-6448	298
-6432	319
-6416	311
-6400	267
-6384	299
-6368	302
-6352	299
-6336	276
-6320	311
-6304	298
-6288	310
-6272	288
-6256	301
-6240	323
-6224	320
-6208	323
-6192	299
-6176	309
-6160	293
-6144	303
-6128	321
-6112	312
-6096	315
-6080	302
-6064	277
-6048	283
-6032	329
-6016	306
-6000	309
-5984	310
-5968	306
-5952	322
-5936	337
-5920	324
-5904	328
-5888	312
-5872	324
-5856	329
-5840	350
-5824	293
-5808	299
-5792	297
-5776	323
-5760	338
-5744	337
-5728	314
-5712	317
-5696	339
-5680	297
-5664	324
-5648	321
-5632	318
-5616	355
-5600	331
-5584	326
-5568	329
-5552	316
-5536	354
-5520	334
-5504	334
-5488	320
-5472	294
-5456	311
-5440	324
-5424	327
-5408	297
-5392	345
-5376	357
-5360	334
-5344	331
-5328	360
-5312	333
-5296	355
-5280	357
-5264	344
-5248	315
-5232	345
-5216	331
-5200	360
-5184	331
-5168	363
-5152	343
-5136	333
-5120	352
-5104	322
-5088	360
-5072	339
-5056	303
-5040	351
-5024	365
-5008	353
-4992	347
-4976	328
-4960	345
-4944	382
-4928	336
-4912	324
-4896	350
-4880	326
-4864	321
-4848	380
-4832	365
-4816	344
-4800	370
-4784	363
-4768	381
-4752	359
-4736	375
-4720	350
-4704	354
-4688	346
-4672	361
-4656	361
-4640	331
-4624	342
-4608	338
-4592	359
-4576	335
-4560	413
-4544	369
-4528	334
-4512	351
-4496	381
-4480	382
-4464	355
-4448	379
-4432	356
-4416	337
-4400	349
-4384	391
-4368	356
-4352	380
-4336	383
-4320	378
-4304	360
-4288	357
-4272	377
-4256	371
-4240	373
-4224	360
-4208	370
-4192	370
-4176	374
-4160	361
-4144	350
-4128	372
-4112	370
-4096	343
-4080	368
-4064	356
-4048	360
-4032	359
-4016	395
-4000	352
-3984	366
-3968	394
-3952	427
-3936	391
-3920	377
-3904	386
-3888	376
-3872	353
-3856	385
-3840	358
-3824	360
-3808	400
-3792	386
-3776	382
-3760	361
-3744	404
-3728	388
-3712	384
-3696	354
-3680	361
-3664	414
-3648	365
-3632	397
-3616	395
-3600	369
-3584	374
-3568	397
-3552	399
-3536	401
-3520	383
-3504	374
-3488	404
-3472	354
-3456	374
-3440	378
-3424	423
-3408	386
-3392	423
-3376	372
-3360	355
-3344	374
-3328	430
-3312	383
-3296	368
-3280	371
-3264	394
-3248	365
-3232	404
-3216	345
-3200	388
-3184	417
-3168	395
-3152	433
-3136	400
-3120	384
-3104	387
-3088	422
-3072	419
-3056	423
-3040	412
-3024	402
-3008	387
-2992	402
-2976	440
-2960	390
-2944	409
-2928	438
-2912	419
-2896	432
-2880	431
-2864	428
-2848	442
-2832	389
-2816	408
-2800	388
-2784	414
-2768	418
-2752	423
-2736	407
-2720	397
-2704	403
-2688	400
-2672	429
-2656	365
-2640	403
-2624	425
-2608	440
-2592	448
-2576	409
-2560	420
-2544	418
-2528	367
-2512	423
-2496	392
-2480	410
-2464	379
-2448	408
-2432	431
-2416	406
-2400	411
-2384	420
-2368	404
-2352	427
-2336	408
-2320	402
-2304	458
-2288	430
-2272	396
-2256	406
-2240	393
-2224	398
-2208	407
-2192	384
-2176	429
-2160	414
-2144	431
-2128	382
-2112	418
-2096	445
-2080	412
-2064	405
-2048	417
-2032	367
-2016	383
-2000	383
-1984	467
-1968	430
-1952	400
-1936	387
-1920	426
-1904	418
-1888	458
-1872	463
-1856	441
-1840	412
-1824	408
-1808	422
-1792	415
-1776	418
-1760	430
-1744	401
-1728	427
-1712	460
-1696	422
-1680	411
-1664	421
-1648	445
-1632	454
-1616	420
-1600	428
-1584	392
-1568	345
-1552	419
-1536	411
-1520	414
-1504	425
-1488	424
-1472	475
-1456	443
-1440	408
-1424	440
-1408	421
-1392	429
-1376	453
-1360	450
-1344	455
-1328	431
-1312	447
-1296	453
-1280	428
-1264	435
-1248	437
-1232	453
-1216	438
-1200	422
-1184	444
-1168	435
-1152	447
-1136	430
-1120	418
-1104	422
-1088	402
-1072	446
-1056	444
-1040	441
-1024	434
-1008	442
-992	436
-976	465
-960	379
-944	420
-928	409
-912	411
-896	404
-880	425
-864	423
-848	418
-832	411
-816	436
-800	459
-784	439
-768	445
-752	409
-736	449
-720	444
-704	435
-688	431
-672	414
-656	443
-640	434
-624	416
-608	457
-592	417
-576	420
-560	431
-544	450
-528	445
-512	454
-496	442
-480	433
-464	449
-448	429
-432	416
-416	465
-400	464
-384	436
-368	452
-352	420
-336	443
-320	452
-304	394
-288	425
-272	405
-256	449
-240	420
-224	400
-208	430
-192	396
-176	408
-160	447
-144	495
-128	456
-112	435
-96	424
-80	451
-64	418
-48	425
-32	445
-16	422
0	872
16	421
32	412
48	408
64	456
80	443
96	438
112	475
128	436
144	431
160	452
176	418
192	442
208	418
224	472
240	417
256	428
272	435
288	427
304	427
320	461
336	419
352	456
368	437
384	448
400	450
416	444
432	411
448	420
464	451
480	427
496	457
512	443
528	458
544	399
560	444
576	398
592	468
608	458
624	461
640	457
656	499
672	432
688	428
704	412
720	440
736	410
752	414
768	456
784	426
800	408
816	445
832	468
848	411
864	476
880	431
896	436
912	426
928	430
944	440
960	425
976	452
992	472
1008	428
1024	437
1040	419
1056	471
1072	425
1088	439
1104	448
1120	412
1136	436
1152	445
1168	429
1184	422
1200	423
1216	464
1232	465
1248	418
1264	406
1280	450
1296	421
1312	398
1328	465
1344	423
1360	433
1376	448
1392	435
1408	425
1424	446
1440	391
1456	449
1472	459
1488	455
1504	433
1520	425
1536	435
1552	410
1568	466
1584	446
1600	426
1616	438
1632	402
1648	433
1664	424
1680	412
1696	430
1712	472
1728	418
1744	431
1760	401
1776	437
1792	425
1808	470
1824	445
1840	421
1856	417
1872	393
1888	438
1904	430
1920	382
1936	432
1952	436
1968	439
1984	397
2000	476
2016	426
2032	449
2048	408
2064	431
2080	422
2096	420
2112	402
2128	412
2144	402
2160	444
2176	408
2192	430
2208	431
2224	432
2240	403
2256	414
2272	435
2288	430
2304	404
2320	409
2336	428
2352	441
2368	408
2384	448
2400	448
2416	404
2432	457
2448	418
2464	388
2480	417
2496	404
2512	442
2528	406
2544	403
2560	403
2576	378
2592	438
2608	460
2624	436
2640	409
2656	410
2672	383
2688	441
2704	445
2720	404
2736	382
2752	404
2768	425
2784	409
2800	408
2816	416
2832	429
2848	411
2864	426
2880	404
2896	424
2912	422
2928	438
2944	400
2960	412
2976	414
2992	385
3008	435
3024	414
3040	399
3056	404
3072	429
3088	406
3104	396
3120	396
3136	409
3152	404
3168	432
3184	414
3200	376
3216	408
3232	406
3248	392
3264	418
3280	417
3296	394
3312	447
3328	420
3344	381
3360	432
3376	388
3392	407
3408	419
3424	405
3440	373
3456	432
3472	391
3488	389
3504	386
3520	408
3536	403
3552	392
3568	409
3584	397
3600	422
3616	359
3632	422
3648	392
3664	425
3680	434
3696	410
3712	384
3728	385
3744	372
3760	397
3776	396
3792	433
3808	369
3824	408
3840	432
3856	387
3872	396
3888	381
3904	407
3920	418
3936	399
3952	401
3968	396
3984	394
4000	396
4016	367
4032	389
4048	403
4064	395
4080	397
4096	404
4112	386
4128	403
4144	411
4160	370
4176	356
4192	447
4208	415
4224	342
4240	409
4256	397
4272	375
4288	414
4304	403
4320	409
4336	417
4352	361
4368	379
4384	388
4400	370
4416	354
4432	360
4448	387
4464	364
4480	386
4496	368
4512	379
4528	365
4544	416
4560	356
4576	386
4592	396
4608	366
4624	416
4640	346
4656	366
4672	359
4688	387
4704	343
4720	386
4736	332
4752	372
4768	375
4784	359
4800	384
4816	403
4832	365
4848	349
4864	374
4880	383
4896	341
4912	381
4928	408
4944	390
4960	360
4976	383
4992	351
5008	372
5024	355
5040	361
5056	345
5072	367
5088	335
5104	392
5120	349
5136	369
5152	324
5168	356
5184	391
5200	361
5216	354
5232	367
5248	338
5264	337
5280	347
5296	352
5312	372
5328	401
5344	364
5360	326
5376	355
5392	290
5408	351
5424	327
5440	356
5456	349
5472	326
5488	324
5504	368
5520	320
5536	350
5552	340
5568	372
5584	347
5600	337
5616	344
5632	332
5648	345
5664	347
5680	338
5696	343
5712	344
5728	332
5744	284
5760	325
5776	343
5792	331
5808	333
5824	314
5840	337
5856	321
5872	349
5888	359
5904	352
5920	315
5936	318
5952	332
5968	349
5984	358
6000	316
6016	342
6032	331
6048	324
6064	316
6080	331
6096	330
6112	310
6128	344
6144	328
6160	320
6176	335
6192	349
6208	340
6224	310
6240	332
6256	312
6272	310
6288	348
6304	336
6320	296
6336	309
6352	310
6368	306
6384	282
6400	339
6416	327
6432	270
6448	316
6464	319
6480	323
6496	322
6512	309
6528	309
6544	314
6560	345
6576	327
6592	310
6608	271
6624	321
6640	332
6656	311
6672	309
6688	310
6704	307
6720	341
6736	318
6752	321
6768	293
6784	302
6800	278
6816	274
6832	318
6848	291
6864	285
6880	257
6896	264
6912	305
6928	293
6944	277
6960	302
6976	306
6992	302
7008	294
7024	304
7040	283
7056	321
7072	293
7088	293
7104	311
7120	284
7136	314
7152	305
7168	308
7184	275
7200	275
7216	274
7232	296
7248	259
7264	301
7280	279
7296	275
7312	271
7328	278
7344	274
7360	298
7376	307
7392	299
7408	271
7424	254
7440	270
7456	259
7472	284
7488	288
7504	262
7520	278
7536	260
7552	271
7568	272
7584	262
7600	286
7616	270
7632	279
7648	264
7664	239
7680	269
7696	271
7712	265
7728	257
7744	260
7760	275
7776	284
7792	282
7808	278
7824	249
7840	269
7856	275
7872	287
7888	268
7904	242
7920	259
7936	289
7952	267
7968	254
7984	264
8000	247
8016	238
8032	228
8048	206
8064	253
8080	245
8096	260
8112	253
8128	265
8144	221
8160	227
8176	262
8192	235
8208	220
8224	272
8240	225
8256	259
8272	245
8288	250
8304	233
8320	236
8336	241
8352	219
8368	239
8384	245
8400	246
8416	253
8432	240
8448	246
8464	234
8480	270
8496	241
8512	277
8528	249
8544	232
8560	222
8576	253
8592	220
8608	241
8624	244
8640	221
8656	227
8672	240
8688	233
8704	214
8720	245
8736	215
8752	240
8768	225
8784	219
8800	221
8816	220
8832	250
8848	223
8864	224
8880	221
8896	213
8912	223
8928	180
8944	204
8960	239
8976	198
8992	231
9008	214
9024	217
9040	204
9056	217
9072	214
9088	238
9104	220
9120	212
9136	191
9152	192
9168	194
9184	215
9200	184
9216	230
9232	198
9248	216
9264	196
9280	218
9296	228
9312	203
9328	203
9344	213
9360	213
9376	170
9392	191
9408	208
9424	207
9440	214
9456	194
9472	183
9488	214
9504	202
9520	202
9536	205
9552	177
9568	193
9584	212
9600	198
9616	198
9632	189
9648	215
9664	211
9680	180
9696	197
9712	211
9728	175
9744	200
9760	196
9776	188
9792	183
9808	177
9824	196
9840	185
9856	195
9872	172
9888	183
9904	181
9920	181
9936	174
9952	206
9968	168
9984	184
10000	174
10016	174
10032	194
10048	168
10064	169
10080	204
10096	180
10112	178
10128	183
10144	183
10160	165
10176	187
10192	185
10208	187
10224	147
10240	190
10256	194
10272	168
10288	175
10304	200
10320	167
10336	166
10352	184
10368	178
10384	142
10400	153
10416	176
10432	210
10448	182
10464	151
10480	148
10496	166
10512	167
10528	158
10544	182
10560	144
10576	167
10592	149
10608	166
10624	171
10640	148
10656	190
10672	168
10688	147
10704	165
10720	166
10736	162
10752	167
10768	150
10784	150
10800	167
10816	165
10832	168
10848	129
10864	155
10880	170
10896	124
10912	141
10928	175
10944	163
10960	150
10976	152
10992	128
11008	159
11024	151
11040	147
11056	160
11072	170
11088	151
11104	153
11120	145
11136	148
11152	152
11168	146
11184	135
11200	143
11216	150
11232	139
11248	139
11264	146
11280	136
11296	162
11312	148
11328	116
11344	158
11360	154
11376	166
11392	147
11408	141
11424	152
11440	158
11456	151
11472	145
11488	129
11504	138
11520	133
11536	155
11552	146
11568	127
11584	152
11600	148
11616	151
11632	140
11648	121
11664	133
11680	114
11696	128
11712	155
11728	138
11744	152
11760	141
11776	124
11792	132
11808	128
11824	137
11840	117
11856	121
11872	116
11888	130
11904	137
11920	123
11936	131
11952	145
11968	117
11984	110
12000	131
12016	113
12032	117
12048	105
12064	140
12080	127
12096	124
12112	133
12128	131
12144	126
12160	115
12176	132
12192	112
12208	116
12224	96
12240	109
12256	138
12272	123
12288	96
12304	118
12320	111
12336	124
12352	115
12368	125
12384	104
12400	117
12416	119
12432	113
12448	115
12464	120
12480	121
12496	102
12512	122
12528	111
12544	123
12560	114
12576	109
12592	107
12608	100
12624	121
12640	103
12656	111
12672	127
12688	114
12704	117
12720	130
12736	82
12752	98
12768	97
12784	104
12800	96
12816	106
12832	105
12848	118
12864	89
12880	102
12896	87
12912	113
12928	117
12944	96
12960	120
12976	101
12992	97
13008	99
13024	81
13040	98
13056	106
13072	109
13088	92
13104	106
13120	114
13136	92
13152	98
13168	95
13184	110
13200	105
13216	90
13232	94
13248	107
13264	82
13280	100
13296	101
13312	72
13328	92
13344	90
13360	82
13376	83
13392	107
13408	99
13424	99
13440	110
13456	94
13472	109
13488	108
13504	99
13520	96
13536	92
13552	82
13568	92
13584	90
13600	85
13616	81
13632	99
13648	103
13664	88
13680	91
13696	86
13712	66
13728	62
13744	77
13760	88
13776	86
13792	90
13808	86
13824	85
13840	83
13856	81
13872	85
13888	83
13904	91
13920	104
13936	92
13952	60
13968	76
13984	100
14000	82
14016	79
14032	100
14048	67
14064	90
14080	86
14096	81
14112	91
14128	80
14144	83
14160	74
14176	72
14192	90
14208	82
14224	73
14240	62
14256	76
14272	77
14288	78
14304	76
14320	81
14336	59
14352	81
14368	80
14384	76
14400	89
14416	82
14432	64
14448	91
14464	62
14480	75
14496	86
14512	42
14528	65
14544	77
14560	70
14576	79
14592	82
14608	80
14624	78
14640	83
14656	66
14672	92
14688	69
14704	62
14720	67
14736	79
14752	72
14768	72
14784	68
14800	67
14816	76
14832	49
14848	78
14864	61
14880	78
14896	69
14912	76
14928	75
14944	69
14960	61
14976	56
14992	58
15008	68
15024	68
15040	64
15056	73
15072	74
15088	63
15104	70
15120	81
15136	86
15152	61
15168	72
15184	51
15200	68
15216	48
15232	59
15248	47
15264	54
15280	68
15296	63
15312	63
15328	74
15344	64
15360	73
15376	75
15392	72
15408	67
15424	52
15440	70
15456	38
15472	54
15488	46
15504	61
15520	76
15536	51
15552	50
15568	61
15584	53
15600	55
15616	68
15632	63
15648	56
15664	52
15680	55
15696	45
15712	55
15728	54
15744	43
15760	47
15776	60
15792	68
15808	57
15824	57
15840	54
15856	44
15872	37
15888	50
15904	47
15920	52
15936	65
15952	52
15968	51
15984	48
16000	55
16016	47
16032	51
16048	42
16064	44
16080	66
16096	39
16112	38
16128	53
16144	55
16160	53
16176	53
16192	43
16208	42
16224	54
16240	54
16256	54
16272	41
16288	44
16304	42
16320	57
16336	51
16352	45
16368	41
16384	42
16400	47
16416	36
16432	53
16448	41
16464	44
16480	50
16496	37
16512	38
16528	41
16544	48
16560	42
16576	39
16592	58
16608	46
16624	46
16640	45
16656	55
16672	35
16688	50
16704	50
16720	40
16736	40
16752	46
16768	44
16784	54
16800	43
16816	42
16832	40
16848	42
16864	45
16880	38
16896	41
16912	42
16928	41
16944	39
16960	32
16976	32
16992	43
17008	38
17024	35
17040	43
17056	35
17072	33
17088	34
17104	42
17120	36
17136	42
17152	38
17168	33
17184	37
17200	36
17216	40
17232	27
17248	35
17264	36
17280	45
17296	42
17312	25
17328	45
17344	35
17360	31
17376	47
17392	39
17408	29
17424	29
17440	30
17456	47
17472	30
17488	25
17504	38
17520	38
17536	24
17552	29
17568	30
17584	45
17600	27
17616	34
17632	37
17648	25
17664	29
17680	40
17696	36
17712	37
17728	40
17744	32
17760	18
17776	30
17792	37
17808	30
17824	23
17840	17
17856	24
17872	31
17888	26
17904	32
17920	24
17936	32
17952	27
17968	37
17984	20
18000	26
18016	22
18032	19
18048	21
18064	31
18080	31
18096	35
18112	17
18128	33
18144	24
18160	24
18176	24
18192	29
18208	31
18224	37
18240	26
18256	28
18272	28
18288	26
18304	26
18320	21
18336	26
18352	24
18368	35
18384	28
18400	26
18416	20
18432	25
18448	31
18464	28
18480	23
18496	25
18512	26
18528	24
18544	23
18560	22
18576	34
18592	23
18608	21
18624	15
18640	20
18656	29
18672	25
18688	23
18704	32
18720	28
18736	24
18752	25
18768	17
18784	32
18800	15
18816	19
18832	20
18848	27
18864	23
18880	22
18896	23
18912	24
18928	22
18944	21
18960	25
18976	24
18992	18
19008	16
19024	18
19040	22
19056	18
19072	15
19088	27
19104	26
19120	20
19136	17
19152	18
19168	20
19184	12
19200	14
19216	20
19232	19
19248	26
19264	22
19280	21
19296	20
19312	14
19328	15
19344	24
19360	25
19376	23
19392	19
19408	16
19424	16
19440	17
19456	28
19472	14
19488	16
19504	20
19520	20
19536	19
19552	17
19568	16
19584	18
19600	21
19616	15
19632	21
19648	25
19664	19
19680	24
19696	19
19712	15
19728	20
19744	17
19760	19
19776	21
19792	22
19808	10
19824	13
19840	16
19856	16
19872	17
19888	17
19904	26
19920	8
19936	21
19952	15
19968	17
19984	17
20000	16
20016	10
20032	16
20048	20
20064	18
20080	20
20096	15
20112	19
20128	15
20144	14
20160	23
20176	13
20192	16
20208	15
20224	15
20240	14
20256	14
20272	21
20288	14
20304	24
20320	12
20336	17
20352	11
20368	13
20384	17
20400	10
20416	27
20432	12
20448	14
20464	11
20480	10
20496	18
20512	19
20528	11
20544	17
20560	20
20576	16
20592	18
20608	16
20624	13
20640	9
20656	13
20672	18
20688	17
20704	10
20720	20
20736	13
20752	12
20768	13
20784	9
20800	13
20816	18
20832	11
20848	14
20864	10
20880	15
20896	16
20912	19
20928	11
20944	8
20960	21
20976	13
20992	19
21008	13
21024	14
21040	12
21056	10
21072	20
21088	7
21104	8
21120	12
21136	17
21152	13
21168	13
21184	15
21200	13
21216	9
21232	15
21248	14
21264	10
21280	18
21296	16
21312	8
21328	13
21344	14
21360	11
21376	16
21392	8
21408	13
21424	18
21440	19
21456	16
21472	18
21488	9
21504	17
21520	15
21536	9
21552	8
21568	10
21584	12
21600	8
21616	7
21632	15
21648	11
21664	10
21680	10
21696	12
21712	11
21728	13
21744	13
21760	13
21776	7
21792	10
21808	12
21824	10
21840	7
21856	10
21872	10
21888	11
21904	17
21920	11
21936	11
21952	15
21968	11
21984	17
22000	8
22016	9
22032	5
22048	12
22064	12
22080	10
22096	4
22112	3
22128	9
22144	12
22160	9
22176	10
22192	5
22208	10
22224	12
22240	12
22256	7
22272	20
22288	15
22304	9
22320	12
22336	12
22352	6
22368	11
22384	12
22400	5
22416	10
22432	14
22448	10
22464	10
22480	10
22496	12
22512	5
22528	12
22544	14
22560	11
22576	4
22592	4
22608	8
22624	6
22640	5
22656	4
22672	3
22688	5
22704	12
22720	7
22736	13
22752	5
22768	5
22784	11
22800	9
22816	5
22832	5
22848	6
22864	13
22880	5
22896	12
22912	8
22928	5
22944	9
22960	6
22976	14
22992	7
23008	8
23024	6
23040	9
23056	6
23072	11
23088	10
23104	5
23120	4
23136	4
23152	10
23168	3
23184	12
23200	9
23216	9
23232	5
23248	3
23264	6
23280	7
23296	7
23312	3
23328	5
23344	3
23360	11
23376	4
23392	8
23408	11
23424	9
23440	13
23456	6
23472	11
23488	7
23504	8
23520	5
23536	5
23552	6
23568	11
23584	8
23600	5
23616	8
23632	6
23648	8
23664	7
23680	12
23696	7
23712	1
23728	5
23744	3
23760	6
23776	5
23792	4
23808	9
23824	6
23840	6
23856	5
23872	3
23888	4
23904	7
23920	10
23936	7
23952	4
23968	5
23984	6
24000	7
24016	4
24032	11
24048	3
24064	2
24080	6
24096	7
24112	4
24128	7
24144	8
24160	1
24176	5
24192	5
24208	7
24224	4
24240	3
24256	5
24272	3
24288	2
24304	9
24320	6
24336	7
24352	6
24368	4
24384	5
24400	5
24416	5
24432	8
24448	4
24464	5
24480	5
24496	7
24512	3
24528	7
24544	8
24560	5
24576	6
24592	7
24608	5
24624	8
24640	4
24656	7
24672	1
24688	5
24704	2
24720	6
24736	2
24752	7
24768	4
24784	2
24800	5
24816	1
24832	2
24848	3
24864	5
24880	4
24896	5
24912	2
24928	6
24944	8
24960	4
24976	6
24992	6
25008	5
25024	4
25040	3
25056	1
25072	6
25088	8
25104	7
25120	3
25136	6
25152	5
25168	3
25184	8
25200	5
25216	4
25232	5
25248	2
25264	5
25280	3
25296	3
25312	5
25328	4
25344	5
25360	3
25376	3
25392	7
25408	3
25424	2
25440	7
25456	4
25472	7
25488	5
25504	6
25520	5
25536	4
25552	3
25568	3
25584	3
25600	6
25616	7
25632	3
25648	4
25664	10
25680	4
25712	3
25728	2
25744	9
25760	4
25776	4
25792	2
25808	2
25824	6
25840	3
25856	6
25872	8
25888	5
25904	3
25920	1
25936	5
25952	6
25968	5
25984	3
26000	3
26016	5
26032	5
26048	3
26064	2
26080	4
26096	6
26112	1
26128	1
26144	3
26160	6
26176	1
26192	5
26208	2
26224	9
26240	4
26256	4
26272	4
26288	6
26304	5
26320	3
26336	2
26352	4
26368	3
26384	6
26400	4
26416	3
26432	3
26448	2
26464	4
26480	5
26496	4
26512	1
26528	3
26544	4
26560	3
26576	2
26592	3
26608	2
26624	1
26640	2
26656	2
26672	4
26688	6
26704	2
26720	1
26736	6
26752	3
26768	2
26784	2
26800	3
26816	2
26832	5
26848	6
26864	4
26880	5
26896	4
26928	3
26944	3
26960	3
26976	3
26992	7
27008	7
27024	2
27040	7
27056	5
27072	2
27088	1
27104	3
27120	3
27136	1
27152	2
27168	4
27184	1
27200	3
27216	2
27232	7
27248	2
27264	3
27280	1
27296	4
27312	10
27328	4
27344	3
27376	6
27392	1
27408	4
27424	4
27440	1
27472	5
27488	4
27520	2
27536	1
27552	3
27568	2
27600	1
27616	1
27632	4
27648	3
27664	5
27680	2
27696	2
27712	2
27728	3
27744	5
27760	1
27776	9
27792	6
27808	3
27824	2
27840	3
27856	1
27872	2
27888	6
27904	4
27920	5
27936	6
27952	4
27968	2
27984	5
28000	2
28016	1
28032	6
28048	3
28064	1
28096	6
28112	4
28128	3
28144	1
28160	3
28176	7
28192	3
28208	4
28224	3
28240	3
28256	4
28272	4
28288	2
28304	2
28320	2
28384	4
28400	2
28416	2
28432	4
28448	2
28464	5
28480	4
28496	1
28512	1
28528	3
28544	2
28576	2
28592	3
28608	3
28624	3
28656	1
28672	1
28704	3
28736	4
28752	6
28784	1
28800	2
28816	2
28832	1
28848	1
28880	2
28912	2
28928	5
28944	4
28976	3
28992	1
29040	3
29056	2
29072	2
29088	1
29104	3
29120	2
29152	1
29184	3
29200	1
29216	2
29232	3
29248	2
29264	1
29280	2
29296	3
29312	2
29328	1
29344	1
29360	4
29376	4
29392	3
29408	4
29424	3
29440	3
29456	2
29472	2
29488	4
29504	2
29520	3
29536	2
29552	2
29600	6
29616	1
29648	2
29664	3
29680	4
29696	1
29728	3
29760	3
29776	2
29792	2
29808	3
29824	3
29840	2
29856	1
29872	2
29888	2
29904	1
29920	3
29936	2
29952	3
29984	1
30016	1
30048	1
30064	1
30080	1
30096	3
30112	1
30128	3
30160	1
30176	2
30192	1
30208	3
30224	1
30240	1
30256	2
30272	2
30288	1
30304	1
30320	1
30352	2
30368	2
30384	1
30400	3
30432	2
30448	1
30464	5
30496	1
30512	4
30528	1
30544	1
30576	2
30592	1
30608	1
30640	3
30656	1
30672	2
30720	1
30736	1
30752	3
30768	1
30784	1
30832	1
30848	4
30864	1
30880	1
30912	2
30928	1
30944	1
30960	1
30976	1
30992	2
31008	2
31024	3
31040	2
31056	1
31072	2
31088	1
31104	1
31120	4
31136	2
31152	1
31168	3
31200	2
31216	1
31232	1
31248	2
31264	1
31280	1
31296	2
31328	1
31344	1
31360	1
31376	1
31392	5
31408	6
31424	1
31456	2
31472	6
31488	1
31536	1
31552	1
31568	1
31584	1
31600	1
31616	1
31632	2
31648	1
31696	1
31712	2
31728	1
31744	1
31760	2
31776	2
31824	1
31840	3
31888	2
31904	2
31936	1
31968	4
31984	1
32000	1
32016	1
32032	1
32048	1
32064	1
32080	2
32096	1
32112	2
32128	2
32144	2
32176	1
32192	1
32208	2
32224	1
32240	2
32288	2
32336	1
32352	1
32368	2
32384	1
32400	2
32480	1
32512	1
32544	2
32560	1
32576	1
32704	1
32736	1
32752	2
