# SIDE channel histogram ((L-R)/2) (bin size: 4)
# Value	Count
-16024	1
-14960	1
-14596	1
-14508	1
-14320	1
-14208	1
-14172	1
-14156	1
-14000	1
-13996	1
-13856	1
-13844	1
-13808	1
-13768	1
-13724	1
-13696	1
-13588	2
-13584	1
-13504	1
-13484	1
-13464	1
-13440	1
-13356	1
-13260	1
-13232	1
-13204	1
-13160	1
-13148	1
-13036	1
-12984	1
-12968	1
-12944	1
-12896	1
-12888	2
-12872	1
-12868	1
-12808	1
-12748	1
-12740	1
-12720	1
-12700	1
-12676	1
-12668	1
-12644	1
-12552	1
-12528	2
-12500	1
-12492	1
-12476	1
-12472	1
-12460	1
-12440	1
-12436	1
-12412	1
-12408	1
-12396	1
-12384	1
-12356	1
-12348	1
-12344	1
-12324	1
-12316	1
-12308	2
-12304	1
-12292	1
-12284	1
-12248	1
-12244	1
-12232	1
-12172	2
-12160	1
-12156	1
-12144	1
-12136	1
-12112	1
-12108	1
-12104	1
-12076	1
-12064	1
-12044	1
-12040	1
-12032	1
-12024	1
-12016	1
-11980	1
-11976	1
-11940	1
-11936	1
-11916	2
-11868	2
-11848	2
-11796	1
-11792	1
-11776	1
-11760	1
-11752	2
-11728	1
-11724	1
-11692	1
-11684	1
-11664	1
-11660	1
-11652	1
-11644	1
-11640	1
-11636	1
-11632	1
-11612	1
-11604	2
-11592	1
-11576	2
-11572	1
-11556	1
-11532	1
-11508	2
-11500	1
-11468	1
-11460	1
-11436	2
-11424	1
-11420	1
-11416	1
-11408	1
-11400	1
-11396	1
-11392	1
-11388	1
-11380	1
-11372	1
-11356	1
-11352	1
-11316	2
-11312	1
-11308	1
-11304	1
-11300	1
-11292	2
-11280	1
-11272	1
-11252	1
-11248	1
-11244	1
-11232	2
-11216	1
-11204	1
-11200	1
-11188	2
-11184	1
-11180	1
-11176	1
-11164	1
-11160	1
-11152	1
-11140	2
-11136	1
-11124	1
-11120	1
-11116	1
-11108	1
-11104	1
-11100	2
-11092	1
-11076	1
-11072	1
-11064	1
-11060	1
-11056	1
-11048	1
-11044	1
-11020	1
-11016	3
-11012	3
-11008	4
-10992	2
-10988	4
-10976	1
-10968	1
-10964	2
-10956	1
-10948	1
-10936	2
-10932	1
-10908	1
-10900	1
-10896	1
-10884	1
-10880	3
-10876	1
-10872	2
-10860	1
-10856	1
-10852	2
-10848	1
-10844	1
-10840	1
-10836	1
-10828	2
-10824	1
-10816	1
-10812	3
-10808	1
-10804	1
-10800	2
-10792	1
-10784	2
-10780	2
-10776	1
-10772	1
-10756	1
-10752	1
-10748	1
-10744	2
-10740	3
-10736	1
-10728	1
-10716	1
-10712	2
-10708	1
-10704	1
-10700	1
-10696	2
-10688	1
-10676	1
-10672	1
-10664	3
-10660	4
-10648	1
-10644	2
-10636	2
-10632	1
-10620	1
-10616	1
-10612	1
-10604	1
-10600	1
-10592	2
-10588	1
-10584	1
-10580	1
-10576	1
-10572	1
-10568	1
-10564	3
-10560	2
-10548	2
-10544	1
-10528	1
-10524	4
-10516	1
-10508	2
-10500	3
-10496	1
-10484	4
-10472	1
-10468	2
-10464	2
-10460	1
-10452	3
-10444	1
-10440	2
-10436	2
-10432	2
-10428	2
-10420	2
-10416	1
-10412	3
-10408	1
-10400	2
-10392	1
-10380	4
-10376	2
-10368	1
-10360	2
-10352	4
-10344	1
-10340	2
-10336	1
-10324	1
-10320	1
-10316	3
-10312	2
-10308	1
-10304	3
-10300	1
-10296	1
-10292	2
-10288	2
-10284	1
-10276	3
-10256	3
-10252	1
-10248	1
-10244	1
-10240	1
-10236	4
-10232	1
-10228	1
-10224	1
-10220	1
-10216	1
-10212	2
-10204	1
-10200	1
-10196	1
-10192	1
-10184	2
-10180	1
-10168	1
-10164	2
-10160	3
-10156	3
-10148	3
-10144	3
-10136	2
-10132	1
-10128	2
-10124	3
-10120	2
-10116	3
-10112	2
-10108	2
-10104	1
-10100	1
-10092	1
-10088	3
-10084	1
-10068	1
-10064	4
-10060	2
-10048	1
-10044	2
-10040	2
-10036	2
-10028	1
-10024	3
-10020	3
-10016	4
-10008	2
-10000	2
-9996	2
-9992	1
-9988	5
-9980	1
-9976	5
-9964	1
-9960	3
-9956	3
-9952	1
-9948	3
-9944	4
-9940	3
-9936	3
-9928	2
-9924	2
-9920	3
-9916	4
-9912	2
-9908	2
-9904	1
-9900	2
-9896	2
-9892	4
-9884	1
-9880	2
-9872	3
-9868	1
-9864	4
-9860	2
-9856	6
-9852	1
-9844	2
-9840	5
-9836	1
-9832	3
-9828	4
-9824	3
-9816	2
-9812	3
-9808	3
-9804	3
-9796	4
-9792	1
-9788	1
-9784	3
-9780	2
-9776	2
-9772	2
-9764	2
-9760	3
-9756	3
-9752	3
-9748	1
-9744	1
-9740	4
-9736	1
-9732	1
-9728	4
-9724	1
-9720	2
-9716	3
-9712	3
-9708	4
-9704	4
-9700	3
-9696	2
-9692	1
-9688	2
-9684	1
-9680	2
-9676	1
-9672	3
-9668	3
-9664	3
-9660	1
-9656	3
-9652	2
-9648	3
-9644	6
-9640	3
-9636	5
-9632	3
-9628	3
-9620	3
-9616	2
-9612	2
-9608	4
-9604	4
-9600	4
-9596	4
-9588	4
-9584	1
-9580	4
-9576	2
-9572	3
-9568	5
-9564	2
-9560	4
-9556	3
-9552	2
-9548	4
-9540	5
-9536	5
-9532	2
-9528	6
-9524	1
-9520	5
-9516	2
-9512	3
-9508	2
-9504	2
-9500	8
-9496	6
-9492	2
-9488	3
-9484	2
-9480	1
-9476	2
-9472	3
-9468	2
-9464	4
-9460	4
-9456	3
-9452	4
-9448	2
-9444	2
-9440	5
-9432	9
-9428	2
-9424	3
-9420	2
-9408	8
-9404	4
-9400	6
-9396	5
-9392	1
-9388	2
-9384	2
-9380	5
-9376	3
-9372	2
-9368	2
-9364	2
-9360	3
-9356	3
-9352	5
-9348	4
-9344	3
-9340	2
-9336	2
-9332	5
-9328	3
-9324	3
-9320	4
-9316	4
-9312	4
-9308	4
-9304	2
-9300	5
-9296	5
-9292	1
-9288	3
-9284	6
-9280	7
-9276	2
-9272	2
-9268	4
-9264	5
-9260	6
-9256	1
-9252	3
-9248	5
-9244	4
-9240	1
-9236	1
-9232	10
-9228	4
-9224	4
-9220	1
-9216	3
-9212	5
-9208	7
-9204	4
-9200	6
-9196	6
-9192	5
-9188	3
-9184	5
-9180	1
-9176	1
-9172	7
-9168	7
-9164	5
-9160	2
-9152	9
-9148	2
-9144	9
-9140	5
-9136	7
-9132	6
-9128	2
-9124	3
-9120	4
-9116	3
-9112	4
-9108	4
-9104	2
-9100	2
-9096	3
-9092	4
-9088	7
-9084	7
-9080	3
-9076	3
-9072	4
-9064	4
-9060	2
-9056	1
-9052	5
-9048	3
-9044	6
-9040	4
-9036	4
-9032	2
-9028	10
-9024	5
-9020	9
-9016	4
-9012	7
-9008	5
-9004	4
-9000	4
-8996	8
-8992	8
-8988	2
-8984	5
-8980	3
-8976	5
-8972	4
-8968	1
-8964	3
-8960	1
-8956	4
-8952	6
-8948	5
-8944	5
-8940	4
-8936	7
-8932	5
-8928	3
-8924	5
-8920	3
-8916	5
-8912	3
-8908	2
-8904	5
-8900	3
-8896	5
-8892	5
-8888	6
-8884	5
-8880	3
-8876	1
-8872	3
-8868	4
-8864	4
-8860	4
-8856	6
-8852	5
-8848	3
-8844	6
-8840	6
-8836	6
-8832	9
-8828	5
-8824	5
-8820	5
-8816	8
-8812	7
-8808	6
-8804	4
-8800	7
-8796	5
-8792	7
-8788	4
-8784	5
-8780	3
-8776	2
-8772	4
-8768	8
-8764	2
-8760	7
-8756	6
-8752	7
-8748	4
-8744	6
-8740	10
-8736	5
-8732	3
-8728	1
-8724	8
-8720	7
-8716	3
-8712	2
-8708	8
-8704	12
-8700	9
-8696	9
-8692	8
-8688	4
-8684	9
-8680	4
-8676	8
-8672	9
-8668	5
-8664	3
-8660	8
-8656	3
-8652	5
-8648	10
-8644	6
-8640	10
-8636	2
-8632	4
-8628	5
-8624	5
-8620	5
-8616	5
-8612	5
-8608	5
-8604	4
-8600	1
-8596	5
-8592	10
-8588	9
-8584	2
-8580	4
-8576	7
-8572	8
-8568	3
-8564	7
-8560	4
-8556	6
-8552	6
-8548	2
-8544	7
-8540	8
-8536	13
-8532	6
-8528	11
-8524	8
-8520	3
-8516	11
-8512	5
-8508	3
-8504	6
-8500	7
-8496	9
-8492	11
-8488	10
-8484	10
-8480	5
-8476	10
-8472	9
-8468	6
-8464	3
-8460	8
-8456	4
-8452	4
-8448	8
-8444	7
-8440	5
-8436	7
-8432	8
-8428	5
-8424	7
-8420	4
-8416	8
-8412	6
-8408	6
-8404	7
-8400	3
-8396	6
-8392	6
-8388	9
-8384	4
-8380	6
-8376	5
-8372	8
-8368	5
-8364	6
-8360	7
-8356	9
-8352	7
-8348	8
-8344	7
-8340	7
-8336	7
-8332	9
-8328	3
-8324	11
-8320	11
-8316	5
-8312	16
-8308	5
-8304	8
-8300	6
-8296	10
-8292	4
-8288	6
-8284	3
-8280	9
-8276	7
-8272	8
-8268	6
-8264	13
-8260	5
-8256	3
-8252	11
-8248	5
-8244	6
-8240	7
-8236	7
-8232	7
-8228	6
-8224	15
-8220	12
-8216	2
-8212	11
-8208	5
-8204	12
-8200	7
-8196	5
-8192	8
-8188	6
-8184	7
-8180	12
-8176	11
-8172	11
-8168	9
-8164	10
-8160	13
-8156	11
-8152	11
-8148	4
-8144	9
-8140	12
-8136	7
-8132	8
-8128	6
-8124	11
-8120	10
-8116	15
-8112	8
-8108	11
-8104	10
-8100	8
-8096	13
-8092	9
-8088	10
-8084	5
-8080	8
-8076	11
-8072	11
-8068	5
-8064	6
-8060	4
-8056	8
-8052	14
-8048	13
-8044	11
-8040	14
-8036	13
-8032	12
-8028	13
-8024	7
-8020	6
-8016	12
-8012	9
-8008	15
-8004	4
-8000	12
-7996	10
-7992	14
-7988	10
-7984	7
-7980	13
-7976	7
-7972	9
-7968	11
-7964	9
-7960	7
-7956	13
-7952	9
-7948	8
-7944	7
-7940	12
-7936	10
-7932	8
-7928	8
-7924	9
-7920	12
-7916	6
-7912	13
-7908	12
-7904	10
-7900	5
-7896	6
-7892	11
-7888	12
-7884	14
-7880	6
-7876	17
-7872	13
-7868	8
-7864	18
-7860	19
-7856	10
-7852	8
-7848	8
-7844	11
-7840	10
-7836	12
-7832	19
-7828	13
-7824	8
-7820	12
-7816	12
-7812	12
-7808	12
-7804	7
-7800	15
-7796	8
-7792	12
-7788	8
-7784	9
-7780	17
-7776	8
-7772	8
-7768	7
-7764	10
-7760	8
-7756	12
-7752	4
-7748	13
-7744	16
-7740	10
-7736	9
-7732	14
-7728	12
-7724	9
-7720	9
-7716	7
-7712	14
-7708	14
-7704	8
-7700	11
-7696	9
-7692	12
-7688	9
-7684	15
-7680	17
-7676	9
-7672	9
-7668	16
-7664	7
-7660	13
-7656	13
-7652	15
-7648	14
-7644	13
-7640	15
-7636	17
-7632	18
-7628	15
-7624	11
-7620	8
-7616	16
-7612	13
-7608	11
-7604	16
-7600	14
-7596	10
-7592	15
-7588	17
-7584	6
-7580	13
-7576	7
-7572	6
-7568	16
-7564	14
-7560	13
-7556	12
-7552	15
-7548	16
-7544	19
-7540	16
-7536	19
-7532	13
-7528	13
-7524	11
-7520	15
-7516	12
-7512	15
-7508	11
-7504	10
-7500	12
-7496	15
-7492	10
-7488	9
-7484	17
-7480	16
-7476	11
-7472	11
-7468	16
-7464	21
-7460	15
-7456	12
-7452	14
-7448	21
-7444	20
-7440	12
-7436	23
-7432	14
-7428	22
-7424	12
-7420	16
-7416	16
-7412	17
-7408	18
-7404	15
-7400	19
-7396	18
-7392	18
-7388	15
-7384	18
-7380	23
-7376	16
-7372	13
-7368	19
-7364	9
-7360	17
-7356	15
-7352	20
-7348	12
-7344	14
-7340	12
-7336	12
-7332	14
-7328	21
-7324	14
-7320	26
-7316	16
-7312	18
-7308	29
-7304	14
-7300	20
-7296	20
-7292	17
-7288	22
-7284	20
-7280	14
-7276	18
-7272	18
-7268	9
-7264	21
-7260	15
-7256	12
-7252	14
-7248	13
-7244	21
-7240	21
-7236	9
-7232	28
-7228	10
-7224	17
-7220	7
-7216	18
-7212	25
-7208	13
-7204	19
-7200	24
-7196	15
-7192	20
-7188	24
-7184	18
-7180	16
-7176	18
-7172	17
-7168	25
-7164	25
-7160	23
-7156	18
-7152	22
-7148	14
-7144	19
-7140	22
-7136	16
-7132	17
-7128	16
-7124	3
-7120	23
-7116	18
-7112	25
-7108	19
-7104	20
-7100	19
-7096	25
-7092	20
-7088	17
-7084	17
-7080	17
-7076	22
-7072	19
-7068	32
-7064	20
-7060	25
-7056	15
-7052	22
-7048	18
-7044	23
-7040	18
-7036	21
-7032	23
-7028	22
-7024	14
-7020	20
-7016	23
-7012	31
-7008	20
-7004	21
-7000	26
-6996	20
-6992	33
-6988	16
-6984	28
-6980	26
-6976	22
-6972	22
-6968	25
-6964	22
-6960	26
-6956	18
-6952	21
-6948	16
-6944	22
-6940	19
-6936	23
-6932	23
-6928	17
-6924	22
-6920	28
-6916	25
-6912	20
-6908	23
-6904	25
-6900	22
-6896	22
-6892	14
-6888	27
-6884	23
-6880	27
-6876	21
-6872	15
-6868	19
-6864	23
-6860	25
-6856	16
-6852	15
-6848	27
-6844	28
-6840	30
-6836	15
-6832	18
-6828	30
-6824	22
-6820	13
-6816	25
-6812	34
-6808	18
-6804	28
-6800	20
-6796	22
-6792	25
-6788	22
-6784	32
-6780	21
-6776	13
-6772	25
-6768	19
-6764	28
-6760	25
-6756	30
-6752	26
-6748	29
-6744	24
-6740	21
-6736	30
-6732	29
-6728	21
-6724	35
-6720	26
-6716	25
-6712	22
-6708	24
-6704	19
-6700	26
-6696	26
-6692	28
-6688	29
-6684	36
-6680	27
-6676	29
-6672	28
-6668	40
-6664	29
-6660	35
-6656	23
-6652	29
-6648	28
-6644	33
-6640	33
-6636	20
-6632	27
-6628	25
-6624	32
-6620	28
-6616	34
-6612	36
-6608	28
-6604	26
-6600	23
-6596	24
-6592	18
-6588	27
-6584	23
-6580	32
-6576	27
-6572	25
-6568	30
-6564	26
-6560	23
-6556	25
-6552	38
-6548	40
-6544	29
-6540	29
-6536	23
-6532	34
-6528	19
-6524	28
-6520	21
-6516	30
-6512	24
-6508	36
-6504	18
-6500	26
-6496	35
-6492	31
-6488	24
-6484	23
-6480	24
-6476	24
-6472	28
-6468	36
-6464	26
-6460	29
-6456	39
-6452	28
-6448	31
-6444	30
-6440	44
-6436	31
-6432	34
-6428	25
-6424	37
-6420	23
-6416	29
-6412	30
-6408	32
-6404	33
-6400	22
-6396	33
-6392	29
-6388	36
-6384	32
-6380	42
-6376	27
-6372	36
-6368	25
-6364	33
-6360	33
-6356	31
-6352	34
-6348	27
-6344	18
-6340	33
-6336	28
-6332	33
-6328	31
-6324	40
-6320	27
-6316	33
-6312	32
-6308	38
-6304	36
-6300	38
-6296	28
-6292	31
-6288	43
-6284	36
-6280	24
-6276	29
-6272	31
-6268	31
-6264	26
-6260	48
-6256	28
-6252	47
-6248	31
-6244	33
-6240	41
-6236	29
-6232	31
-6228	35
-6224	35
-6220	32
-6216	23
-6212	35
-6208	29
-6204	43
-6200	42
-6196	44
-6192	36
-6188	41
-6184	29
-6180	33
-6176	30
-6172	35
-6168	31
-6164	43
-6160	40
-6156	33
-6152	40
-6148	34
-6144	36
-6140	36
-6136	33
-6132	29
-6128	33
-6124	40
-6120	42
-6116	43
-6112	36
-6108	37
-6104	38
-6100	39
-6096	45
-6092	40
-6088	45
-6084	42
-6080	38
-6076	39
-6072	38
-6068	35
-6064	38
-6060	38
-6056	35
-6052	36
-6048	56
-6044	45
-6040	34
-6036	33
-6032	34
-6028	34
-6024	34
-6020	41
-6016	44
-6012	44
-6008	34
-6004	36
-6000	38
-5996	33
-5992	54
-5988	30
-5984	40
-5980	45
-5976	46
-5972	31
-5968	34
-5964	42
-5960	52
-5956	47
-5952	45
-5948	34
-5944	49
-5940	41
-5936	40
-5932	49
-5928	44
-5924	45
-5920	28
-5916	45
-5912	40
-5908	39
-5904	36
-5900	46
-5896	42
-5892	49
-5888	52
-5884	45
-5880	43
-5876	37
-5872	50
-5868	46
-5864	40
-5860	37
-5856	46
-5852	58
-5848	40
-5844	46
-5840	58
-5836	55
-5832	37
-5828	61
-5824	41
-5820	46
-5816	46
-5812	45
-5808	45
-5804	44
-5800	38
-5796	44
-5792	47
-5788	53
-5784	44
-5780	48
-5776	45
-5772	49
-5768	49
-5764	62
-5760	46
-5756	37
-5752	46
-5748	37
-5744	53
-5740	42
-5736	45
-5732	53
-5728	58
-5724	47
-5720	40
-5716	55
-5712	44
-5708	50
-5704	48
-5700	43
-5696	48
-5692	54
-5688	57
-5684	57
-5680	38
-5676	49
-5672	48
-5668	44
-5664	47
-5660	59
-5656	53
-5652	48
-5648	48
-5644	49
-5640	46
-5636	54
-5632	53
-5628	66
-5624	65
-5620	54
-5616	51
-5612	55
-5608	48
-5604	55
-5600	44
-5596	64
-5592	49
-5588	40
-5584	38
-5580	50
-5576	43
-5572	52
-5568	56
-5564	54
-5560	49
-5556	55
-5552	71
-5548	45
-5544	56
-5540	44
-5536	55
-5532	53
-5528	60
-5524	56
-5520	62
-5516	68
-5512	48
-5508	54
-5504	55
-5500	63
-5496	42
-5492	58
-5488	60
-5484	41
-5480	48
-5476	50
-5472	49
-5468	66
-5464	53
-5460	46
-5456	46
-5452	49
-5448	56
-5444	57
-5440	59
-5436	66
-5432	59
-5428	62
-5424	51
-5420	67
-5416	59
-5412	62
-5408	60
-5404	50
-5400	57
-5396	57
-5392	74
-5388	65
-5384	57
-5380	58
-5376	77
-5372	44
-5368	68
-5364	54
-5360	53
-5356	58
-5352	56
-5348	70
-5344	71
-5340	57
-5336	65
-5332	57
-5328	60
-5324	60
-5320	66
-5316	58
-5312	49
-5308	52
-5304	67
-5300	74
-5296	50
-5292	52
-5288	74
-5284	57
-5280	73
-5276	53
-5272	60
-5268	77
-5264	60
-5260	67
-5256	72
-5252	62
-5248	56
-5244	78
-5240	73
-5236	70
-5232	66
-5228	57
-5224	80
-5220	64
-5216	74
-5212	62
-5208	70
-5204	86
-5200	60
-5196	74
-5192	70
-5188	73
-5184	75
-5180	76
-5176	67
-5172	79
-5168	60
-5164	61
-5160	52
-5156	54
-5152	70
-5148	75
-5144	77
-5140	65
-5136	60
-5132	79
-5128	71
-5124	78
-5120	60
-5116	62
-5112	66
-5108	79
-5104	75
-5100	68
-5096	67
-5092	88
-5088	75
-5084	73
-5080	88
-5076	66
-5072	69
-5068	74
-5064	65
-5060	72
-5056	69
-5052	71
-5048	63
-5044	85
-5040	78
-5036	73
-5032	61
-5028	69
-5024	66
-5020	69
-5016	68
-5012	65
-5008	62
-5004	64
-5000	65
-4996	85
-4992	80
-4988	64
-4984	70
-4980	64
-4976	70
-4972	67
-4968	94
-4964	82
-4960	68
-4956	68
-4952	79
-4948	81
-4944	74
-4940	72
-4936	88
-4932	73
-4928	86
-4924	71
-4920	76
-4916	92
-4912	90
-4908	62
-4904	83
-4900	78
-4896	70
-4892	82
-4888	78
-4884	68
-4880	72
-4876	71
-4872	62
-4868	75
-4864	86
-4860	83
-4856	72
-4852	92
-4848	81
-4844	74
-4840	69
-4836	74
-4832	79
-4828	80
-4824	76
-4820	83
-4816	70
-4812	73
-4808	72
-4804	75
-4800	79
-4796	98
-4792	75
-4788	76
-4784	84
-4780	73
-4776	92
-4772	79
-4768	83
-4764	71
-4760	90
-4756	94
-4752	76
-4748	77
-4744	86
-4740	61
-4736	86
-4732	80
-4728	89
-4724	84
-4720	76
-4716	73
-4712	104
-4708	88
-4704	110
-4700	86
-4696	90
-4692	79
-4688	85
-4684	96
-4680	84
-4676	93
-4672	83
-4668	111
-4664	89
-4660	93
-4656	66
-4652	86
-4648	74
-4644	93
-4640	87
-4636	95
-4632	88
-4628	85
-4624	95
-4620	75
-4616	103
-4612	97
-4608	87
-4604	96
-4600	82
-4596	90
-4592	88
-4588	90
-4584	89
-4580	87
-4576	94
-4572	90
-4568	83
-4564	99
-4560	76
-4556	80
-4552	103
-4548	81
-4544	97
-4540	112
-4536	99
-4532	94
-4528	103
-4524	105
-4520	91
-4516	100
-4512	97
-4508	94
-4504	97
-4500	98
-4496	85
-4492	95
-4488	70
-4484	85
-4480	92
-4476	104
-4472	106
-4468	97
-4464	83
-4460	87
-4456	90
-4452	91
-4448	97
-4444	91
-4440	91
-4436	108
-4432	97
-4428	117
-4424	98
-4420	75
-4416	100
-4412	94
-4408	92
-4404	91
-4400	96
-4396	95
-4392	89
-4388	107
-4384	118
-4380	94
-4376	92
-4372	95
-4368	86
-4364	76
-4360	79
-4356	98
-4352	100
-4348	106
-4344	104
-4340	104
-4336	79
-4332	102
-4328	103
-4324	110
-4320	90
-4316	96
-4312	106
-4308	110
-4304	99
-4300	99
-4296	110
-4292	96
-4288	104
-4284	103
-4280	96
-4276	109
-4272	103
-4268	115
-4264	100
-4260	94
-4256	93
-4252	115
-4248	109
-4244	109
-4240	90
-4236	99
-4232	97
-4228	107
-4224	113
-4220	102
-4216	97
-4212	92
-4208	103
-4204	110
-4200	101
-4196	111
-4192	98
-4188	94
-4184	108
-4180	104
-4176	90
-4172	109
-4168	117
-4164	106
-4160	99
-4156	115
-4152	99
-4148	97
-4144	117
-4140	113
-4136	113
-4132	99
-4128	106
-4124	120
-4120	113
-4116	98
-4112	98
-4108	95
-4104	106
-4100	128
-4096	107
-4092	110
-4088	107
-4084	110
-4080	100
-4076	113
-4072	109
-4068	110
-4064	106
-4060	129
-4056	115
-4052	116
-4048	108
-4044	127
-4040	110
-4036	121
-4032	109
-4028	120
-4024	119
-4020	104
-4016	99
-4012	115
-4008	128
-4004	111
-4000	118
-3996	86
-3992	114
-3988	114
-3984	119
-3980	122
-3976	93
-3972	116
-3968	124
-3964	137
-3960	127
-3956	125
-3952	110
-3948	110
-3944	118
-3940	110
-3936	130
-3932	122
-3928	119
-3924	123
-3920	123
-3916	123
-3912	126
-3908	111
-3904	121
-3900	111
-3896	133
-3892	110
-3888	130
-3884	129
-3880	115
-3876	120
-3872	106
-3868	110
-3864	111
-3860	132
-3856	129
-3852	129
-3848	119
-3844	97
-3840	115
-3836	108
-3832	103
-3828	141
-3824	141
-3820	123
-3816	121
-3812	123
-3808	137
-3804	138
-3800	131
-3796	115
-3792	132
-3788	121
-3784	111
-3780	123
-3776	142
-3772	147
-3768	134
-3764	111
-3760	118
-3756	138
-3752	110
-3748	133
-3744	153
-3740	139
-3736	124
-3732	122
-3728	119
-3724	124
-3720	131
-3716	127
-3712	142
-3708	124
-3704	140
-3700	141
-3696	129
-3692	141
-3688	148
-3684	135
-3680	158
-3676	129
-3672	134
-3668	136
-3664	131
-3660	123
-3656	127
-3652	136
-3648	134
-3644	132
-3640	138
-3636	127
-3632	140
-3628	149
-3624	114
-3620	142
-3616	102
-3612	124
-3608	107
-3604	141
-3600	144
-3596	153
-3592	141
-3588	127
-3584	134
-3580	142
-3576	135
-3572	142
-3568	137
-3564	139
-3560	131
-3556	128
-3552	145
-3548	143
-3544	145
-3540	160
-3536	127
-3532	166
-3528	167
-3524	135
-3520	147
-3516	153
-3512	137
-3508	145
-3504	143
-3500	147
-3496	137
-3492	105
-3488	144
-3484	142
-3480	153
-3476	167
-3472	139
-3468	165
-3464	146
-3460	137
-3456	139
-3452	142
-3448	147
-3444	144
-3440	144
-3436	122
-3432	148
-3428	148
-3424	112
-3420	130
-3416	126
-3412	157
-3408	141
-3404	149
-3400	152
-3396	152
-3392	155
-3388	165
-3384	140
-3380	121
-3376	154
-3372	152
-3368	149
-3364	142
-3360	153
-3356	144
-3352	148
-3348	158
-3344	129
-3340	162
-3336	155
-3332	142
-3328	134
-3324	155
-3320	126
-3316	145
-3312	166
-3308	130
-3304	127
-3300	135
-3296	146
-3292	168
-3288	155
-3284	145
-3280	157
-3276	134
-3272	154
-3268	161
-3264	155
-3260	159
-3256	140
-3252	140
-3248	138
-3244	148
-3240	115
-3236	153
-3232	149
-3228	144
-3224	147
-3220	158
-3216	172
-3212	167
-3208	168
-3204	162
-3200	169
-3196	154
-3192	163
-3188	185
-3184	158
-3180	144
-3176	151
-3172	171
-3168	133
-3164	159
-3160	163
-3156	170
-3152	162
-3148	147
-3144	154
-3140	160
-3136	174
-3132	149
-3128	149
-3124	153
-3120	155
-3116	179
-3112	166
-3108	166
-3104	169
-3100	143
-3096	165
-3092	141
-3088	185
-3084	178
-3080	161
-3076	176
-3072	160
-3068	138
-3064	154
-3060	151
-3056	179
-3052	183
-3048	167
-3044	164
-3040	150
-3036	175
-3032	172
-3028	168
-3024	175
-3020	171
-3016	166
-3012	165
-3008	193
-3004	153
-3000	136
-2996	189
-2992	166
-2988	158
-2984	158
-2980	186
-2976	181
-2972	169
-2968	157
-2964	153
-2960	178
-2956	158
-2952	170
-2948	193
-2944	167
-2940	178
-2936	162
-2932	172
-2928	181
-2924	155
-2920	167
-2916	168
-2912	183
-2908	171
-2904	169
-2900	173
-2896	175
-2892	150
-2888	176
-2884	173
-2880	140
-2876	179
-2872	164
-2868	174
-2864	189
-2860	190
-2856	186
-2852	142
-2848	176
-2844	186
-2840	175
-2836	186
-2832	160
-2828	188
-2824	187
-2820	180
-2816	187
-2812	192
-2808	181
-2804	150
-2800	181
-2796	170
-2792	189
-2788	163
-2784	189
-2780	200
-2776	205
-2772	185
-2768	172
-2764	184
-2760	198
-2756	192
-2752	146
-2748	189
-2744	194
-2740	206
-2736	205
-2732	189
-2728	190
-2724	202
-2720	170
-2716	173
-2712	187
-2708	208
-2704	177
-2700	161
-2696	194
-2692	192
-2688	172
-2684	198
-2680	172
-2676	180
-2672	155
-2668	169
-2664	182
-2660	181
-2656	205
-2652	193
-2648	194
-2644	183
-2640	147
-2636	180
-2632	184
-2628	190
-2624	203
-2620	190
-2616	200
-2612	200
-2608	176
-2604	180
-2600	178
-2596	164
-2592	159
-2588	172
-2584	197
-2580	188
-2576	191
-2572	189
-2568	171
-2564	201
-2560	198
-2556	183
-2552	191
-2548	209
-2544	218
-2540	197
-2536	197
-2532	179
-2528	211
-2524	208
-2520	191
-2516	205
-2512	197
-2508	232
-2504	176
-2500	185
-2496	181
-2492	189
-2488	180
-2484	197
-2480	221
-2476	213
-2472	184
-2468	213
-2464	191
-2460	179
-2456	177
-2452	190
-2448	193
-2444	217
-2440	200
-2436	215
-2432	187
-2428	182
-2424	213
-2420	184
-2416	206
-2412	202
-2408	192
-2404	211
-2400	210
-2396	184
-2392	197
-2388	189
-2384	221
-2380	202
-2376	207
-2372	193
-2368	204
-2364	214
-2360	190
-2356	182
-2352	218
-2348	208
-2344	222
-2340	189
-2336	200
-2332	209
-2328	218
-2324	226
-2320	191
-2316	213
-2312	193
-2308	220
-2304	223
-2300	227
-2296	208
-2292	208
-2288	205
-2284	220
-2280	225
-2276	200
-2272	234
-2268	208
-2264	215
-2260	197
-2256	205
-2252	217
-2248	203
-2244	207
-2240	225
-2236	207
-2232	206
-2228	204
-2224	203
-2220	212
-2216	220
-2212	203
-2208	209
-2204	206
-2200	209
-2196	240
-2192	180
-2188	211
-2184	171
-2180	210
-2176	228
-2172	210
-2168	188
-2164	206
-2160	233
-2156	188
-2152	210
-2148	231
-2144	217
-2140	226
-2136	194
-2132	223
-2128	207
-2124	226
-2120	208
-2116	211
-2112	216
-2108	243
-2104	225
-2100	195
-2096	217
-2092	216
-2088	194
-2084	219
-2080	196
-2076	219
-2072	215
-2068	229
-2064	225
-2060	205
-2056	218
-2052	201
-2048	212
-2044	247
-2040	230
-2036	226
-2032	214
-2028	217
-2024	241
-2020	224
-2016	245
-2012	211
-2008	218
-2004	224
-2000	211
-1996	221
-1992	227
-1988	220
-1984	189
-1980	250
-1976	204
-1972	228
-1968	212
-1964	214
-1960	201
-1956	222
-1952	219
-1948	231
-1944	227
-1940	225
-1936	208
-1932	255
-1928	236
-1924	233
-1920	213
-1916	215
-1912	214
-1908	248
-1904	195
-1900	203
-1896	227
-1892	240
-1888	225
-1884	215
-1880	211
-1876	248
-1872	212
-1868	214
-1864	227
-1860	245
-1856	240
-1852	235
-1848	226
-1844	213
-1840	230
-1836	256
-1832	197
-1828	205
-1824	213
-1820	259
-1816	210
-1812	231
-1808	222
-1804	227
-1800	239
-1796	216
-1792	265
-1788	230
-1784	221
-1780	245
-1776	231
-1772	239
-1768	244
-1764	230
-1760	209
-1756	233
-1752	217
-1748	237
-1744	245
-1740	248
-1736	203
-1732	206
-1728	241
-1724	239
-1720	235
-1716	208
-1712	246
-1708	236
-1704	222
-1700	240
-1696	232
-1692	208
-1688	231
-1684	224
-1680	228
-1676	216
-1672	241
-1668	255
-1664	214
-1660	217
-1656	242
-1652	198
-1648	239
-1644	255
-1640	240
-1636	225
-1632	234
-1628	246
-1624	250
-1620	246
-1616	221
-1612	216
-1608	241
-1604	238
-1600	213
-1596	221
-1592	201
-1588	241
-1584	246
-1580	249
-1576	227
-1572	237
-1568	250
-1564	272
-1560	240
-1556	215
-1552	220
-1548	256
-1544	223
-1540	233
-1536	249
-1532	263
-1528	204
-1524	270
-1520	230
-1516	256
-1512	231
-1508	251
-1504	232
-1500	232
-1496	247
-1492	209
-1488	257
-1484	253
-1480	221
-1476	265
-1472	238
-1468	228
-1464	232
-1460	245
-1456	235
-1452	222
-1448	229
-1444	253
-1440	277
-1436	226
-1432	257
-1428	241
-1424	254
-1420	272
-1416	247
-1412	235
-1408	238
-1404	247
-1400	255
-1396	257
-1392	232
-1388	261
-1384	256
-1380	251
-1376	262
-1372	263
-1368	224
-1364	213
-1360	239
-1356	220
-1352	253
-1348	262
-1344	246
-1340	275
-1336	276
-1332	237
-1328	233
-1324	255
-1320	260
-1316	260
-1312	236
-1308	233
-1304	231
-1300	260
-1296	224
-1292	273
-1288	238
-1284	252
-1280	235
-1276	279
-1272	244
-1268	244
-1264	239
-1260	254
-1256	261
-1252	228
-1248	221
-1244	250
-1240	248
-1236	214
-1232	242
-1228	255
-1224	259
-1220	265
-1216	251
-1212	245
-1208	241
-1204	253
-1200	238
-1196	257
-1192	252
-1188	263
-1184	256
-1180	246
-1176	245
-1172	225
-1168	236
-1164	268
-1160	267
-1156	271
-1152	221
-1148	265
-1144	271
-1140	265
-1136	253
-1132	260
-1128	278
-1124	239
-1120	255
-1116	273
-1112	272
-1108	262
-1104	215
-1100	251
-1096	267
-1092	305
-1088	250
-1084	267
-1080	258
-1076	260
-1072	245
-1068	267
-1064	246
-1060	257
-1056	241
-1052	261
-1048	257
-1044	277
-1040	272
-1036	247
-1032	249
-1028	258
-1024	281
-1020	284
-1016	266
-1012	280
-1008	276
-1004	264
-1000	269
-996	271
-992	268
-988	255
-984	261
-980	268
-976	255
-972	257
-968	261
-964	256
-960	294
-956	244
-952	250
-948	289
-944	259
-940	291
-936	269
-932	256
-928	243
-924	260
-920	274
-916	245
-912	258
-908	251
-904	263
-900	276
-896	254
-892	251
-888	265
-884	289
-880	247
-876	274
-872	231
-868	227
-864	263
-860	265
-856	275
-852	244
-848	254
-844	280
-840	276
-836	279
-832	232
-828	273
-824	268
-820	262
-816	248
-812	280
-808	251
-804	286
-800	259
-796	268
-792	268
-788	300
-784	260
-780	240
-776	281
-772	267
-768	252
-764	260
-760	286
-756	241
-752	272
-748	268
-744	237
-740	296
-736	301
-732	272
-728	283
-724	265
-720	268
-716	274
-712	268
-708	269
-704	277
-700	260
-696	279
-692	212
-688	276
-684	274
-680	270
-676	267
-672	272
-668	272
-664	282
-660	279
-656	311
-652	284
-648	300
-644	238
-640	267
-636	277
-632	282
-628	258
-624	280
-620	256
-616	252
-612	264
-608	296
-604	244
-600	269
-596	255
-592	287
-588	278
-584	256
-580	252
-576	290
-572	263
-568	270
-564	273
-560	286
-556	245
-552	284
-548	262
-544	291
-540	245
-536	256
-532	288
-528	271
-524	289
-520	260
-516	297
-512	254
-508	270
-504	276
-500	250
-496	253
-492	301
-488	262
-484	284
-480	275
-476	261
-472	280
-468	283
-464	247
-460	260
-456	285
-452	288
-448	263
-444	284
-440	257
-436	243
-432	250
-428	287
-424	256
-420	240
-416	290
-412	295
-408	263
-404	300
-400	271
-396	239
-392	259
-388	251
-384	267
-380	260
-376	288
-372	289
-368	270
-364	256
-360	282
-356	273
-352	281
-348	293
-344	280
-340	281
-336	281
-332	255
-328	256
-324	251
-320	303
-316	259
-312	281
-308	251
-304	307
-300	298
-296	279
-292	274
-288	244
-284	268
-280	307
-276	292
-272	283
-268	285
-264	249
-260	272
-256	281
-252	275
-248	233
-244	263
-240	272
-236	311
-232	273
-228	306
-224	279
-220	306
-216	269
-212	282
-208	301
-204	276
-200	283
-196	259
-192	263
-188	282
-184	262
-180	280
-176	255
-172	272
-168	268
-164	272
-160	272
-156	269
-152	258
-148	267
-144	281
-140	278
-136	257
-132	297
-128	270
-124	273
-120	273
-116	241
-112	261
-108	284
-104	262
-100	303
-96	283
-92	273
-88	275
-84	278
-80	283
-76	303
-72	267
-68	285
-64	271
-60	264
-56	271
-52	260
-48	237
-44	249
-40	322
-36	300
-32	262
-28	261
-24	293
-20	297
-16	292
-12	257
-8	273
-4	272
0	479
4	283
8	279
12	274
16	274
20	277
24	297
28	296
32	294
36	258
40	279
44	294
48	263
52	261
56	292
60	279
64	302
68	276
72	282
76	268
80	261
84	263
88	290
92	289
96	306
100	299
104	298
108	266
112	288
116	264
120	288
124	266
128	279
132	297
136	266
140	311
144	244
148	274
152	256
156	268
160	298
164	268
168	277
172	270
176	293
180	296
184	277
188	257
192	281
196	280
200	270
204	251
208	279
212	281
216	293
220	289
224	302
228	268
232	277
236	249
240	271
244	275
248	286
252	301
256	267
260	274
264	269
268	272
272	323
276	282
280	261
284	308
288	297
292	263
296	257
300	287
304	318
308	268
312	272
316	266
320	291
324	287
328	265
332	290
336	266
340	293
344	279
348	288
352	274
356	322
360	286
364	257
368	306
372	283
376	294
380	259
384	277
388	282
392	288
396	279
400	262
404	287
408	311
412	250
416	268
420	262
424	284
428	283
432	264
436	293
440	275
444	305
448	254
452	284
456	251
460	304
464	265
468	280
472	286
476	269
480	328
484	249
488	266
492	266
496	255
500	260
504	265
508	286
512	254
516	270
520	270
524	264
528	271
532	273
536	258
540	279
544	274
548	301
552	284
556	277
560	311
564	270
568	239
572	288
576	259
580	257
584	300
588	248
592	251
596	281
600	283
604	271
608	253
612	286
616	266
620	275
624	235
628	291
632	259
636	291
640	236
644	267
648	273
652	301
656	279
660	286
664	291
668	246
672	270
676	276
680	280
684	277
688	280
692	284
696	274
700	277
704	279
708	281
712	270
716	269
720	274
724	268
728	279
732	313
736	261
740	231
744	249
748	245
752	257
756	272
760	260
764	275
768	254
772	257
776	250
780	280
784	248
788	275
792	259
796	265
800	264
804	303
808	267
812	261
816	259
820	264
824	276
828	282
832	294
836	291
840	282
844	283
848	298
852	253
856	277
860	241
864	251
868	295
872	244
876	283
880	260
884	262
888	262
892	270
896	253
900	263
904	250
908	247
912	267
916	265
920	251
924	270
928	244
932	260
936	274
940	268
944	280
948	277
952	250
956	268
960	284
964	274
968	253
972	264
976	255
980	283
984	257
988	252
992	296
996	275
1000	262
1004	248
1008	248
1012	275
1016	292
1020	237
1024	248
1028	265
1032	247
1036	296
1040	216
1044	257
1048	266
1052	243
1056	304
1060	272
1064	254
1068	238
1072	265
1076	277
1080	263
1084	250
1088	263
1092	248
1096	255
1100	261
1104	259
1108	235
1112	256
1116	265
1120	221
1124	274
1128	259
1132	290
1136	228
1140	253
1144	259
1148	263
1152	240
1156	264
1160	270
1164	283
1168	244
1172	256
1176	221
1180	246
1184	254
1188	255
1192	267
1196	279
1200	251
1204	259
1208	263
1212	253
1216	262
1220	235
1224	259
1228	266
1232	253
1236	279
1240	300
1244	249
1248	260
1252	237
1256	268
1260	241
1264	238
1268	275
1272	257
1276	254
1280	264
1284	243
1288	261
1292	271
1296	236
1300	238
1304	264
1308	254
1312	256
1316	222
1320	248
1324	239
1328	257
1332	253
1336	241
1340	237
1344	238
1348	255
1352	255
1356	227
1360	284
1364	252
1368	247
1372	234
1376	246
1380	260
1384	246
1388	254
1392	260
1396	230
1400	276
1404	247
1408	238
1412	260
1416	239
1420	244
1424	257
1428	236
1432	244
1436	235
1440	235
1444	248
1448	260
1452	232
1456	244
1460	263
1464	250
1468	269
1472	259
1476	293
1480	255
1484	242
1488	226
1492	257
1496	216
1500	226
1504	231
1508	255
1512	246
1516	263
1520	232
1524	247
1528	235
1532	238
1536	226
1540	252
1544	245
1548	256
1552	240
1556	254
1560	246
1564	248
1568	213
1572	252
1576	250
1580	237
1584	261
1588	259
1592	232
1596	229
1600	263
1604	260
1608	252
1612	217
1616	265
1620	241
1624	240
1628	232
1632	249
1636	233
1640	244
1644	259
1648	260
1652	235
1656	205
1660	231
1664	236
1668	232
1672	243
1676	252
1680	245
1684	239
1688	231
1692	256
1696	265
1700	254
1704	214
1708	227
1712	254
1716	225
1720	232
1724	246
1728	223
1732	257
1736	241
1740	231
1744	226
1748	255
1752	226
1756	239
1760	251
1764	230
1768	208
1772	213
1776	230
1780	224
1784	253
1788	248
1792	226
1796	268
1800	230
1804	227
1808	218
1812	236
1816	204
1820	237
1824	230
1828	254
1832	243
1836	239
1840	235
1844	249
1848	234
1852	235
1856	213
1860	231
1864	198
1868	221
1872	213
1876	246
1880	249
1884	241
1888	207
1892	261
1896	217
1900	216
1904	225
1908	210
1912	259
1916	231
1920	213
1924	220
1928	220
1932	229
1936	218
1940	227
1944	226
1948	208
1952	198
1956	218
1960	225
1964	236
1968	239
1972	223
1976	219
1980	222
1984	205
1988	234
1992	231
1996	242
2000	222
2004	206
2008	203
2012	230
2016	221
2020	213
2024	229
2028	239
2032	233
2036	219
2040	245
2044	219
2048	222
2052	241
2056	212
2060	205
2064	233
2068	216
2072	211
2076	230
2080	204
2084	239
2088	216
2092	233
2096	217
2100	228
2104	247
2108	216
2112	212
2116	228
2120	196
2124	221
2128	201
2132	263
2136	217
2140	207
2144	198
2148	230
2152	221
2156	214
2160	213
2164	214
2168	215
2172	217
2176	212
2180	214
2184	223
2188	210
2192	243
2196	210
2200	230
2204	236
2208	244
2212	217
2216	204
2220	198
2224	191
2228	191
2232	224
2236	230
2240	217
2244	241
2248	211
2252	222
2256	219
2260	212
2264	193
2268	193
2272	208
2276	213
2280	191
2284	219
2288	206
2292	213
2296	240
2300	224
2304	207
2308	216
2312	203
2316	215
2320	202
2324	195
2328	223
2332	199
2336	225
2340	232
2344	221
2348	229
2352	201
2356	219
2360	206
2364	230
2368	208
2372	202
2376	201
2380	205
2384	214
2388	193
2392	194
2396	211
2400	213
2404	179
2408	201
2412	215
2416	191
2420	222
2424	206
2428	184
2432	222
2436	199
2440	189
2444	207
2448	195
2452	196
2456	203
2460	202
2464	189
2468	217
2472	223
2476	208
2480	209
2484	206
2488	190
2492	198
2496	214
2500	197
2504	212
2508	201
2512	200
2516	183
2520	206
2524	232
2528	208
2532	188
2536	188
2540	216
2544	200
2548	192
2552	228
2556	204
2560	189
2564	232
2568	211
2572	199
2576	183
2580	194
2584	199
2588	200
2592	179
2596	203
2600	211
2604	206
2608	188
2612	181
2616	202
2620	173
2624	190
2628	194
2632	196
2636	200
2640	219
2644	177
2648	177
2652	195
2656	206
2660	211
2664	179
2668	193
2672	191
2676	180
2680	168
2684	191
2688	182
2692	207
2696	187
2700	185
2704	176
2708	188
2712	202
2716	190
2720	184
2724	187
2728	177
2732	193
2736	211
2740	200
2744	188
2748	167
2752	204
2756	180
2760	214
2764	194
2768	179
2772	159
2776	226
2780	174
2784	179
2788	185
2792	175
2796	180
2800	204
2804	182
2808	188
2812	195
2816	180
2820	171
2824	169
2828	169
2832	178
2836	180
2840	187
2844	157
2848	166
2852	166
2856	207
2860	191
2864	185
2868	157
2872	156
2876	199
2880	205
2884	200
2888	170
2892	197
2896	184
2900	195
2904	170
2908	198
2912	161
2916	174
2920	185
2924	191
2928	200
2932	180
2936	179
2940	153
2944	166
2948	170
2952	163
2956	171
2960	174
2964	168
2968	189
2972	182
2976	174
2980	170
2984	180
2988	186
2992	167
2996	181
3000	192
3004	191
3008	154
3012	184
3016	166
3020	160
3024	156
3028	175
3032	168
3036	188
3040	171
3044	179
3048	160
3052	172
3056	171
3060	164
3064	170
3068	159
3072	160
3076	171
3080	187
3084	167
3088	173
3092	150
3096	164
3100	173
3104	166
3108	166
3112	159
3116	156
3120	170
3124	174
3128	176
3132	151
3136	154
3140	169
3144	155
3148	161
3152	161
3156	135
3160	158
3164	163
3168	170
3172	182
3176	164
3180	142
3184	186
3188	150
3192	143
3196	156
3200	171
3204	166
3208	180
3212	174
3216	156
3220	152
3224	147
3228	184
3232	177
3236	158
3240	152
3244	175
3248	175
3252	172
3256	138
3260	164
3264	170
3268	181
3272	156
3276	176
3280	160
3284	153
3288	164
3292	161
3296	183
3300	179
3304	173
3308	156
3312	141
3316	169
3320	151
3324	151
3328	167
3332	180
3336	141
3340	152
3344	148
3348	148
3352	141
3356	169
3360	152
3364	144
3368	154
3372	149
3376	143
3380	146
3384	145
3388	160
3392	155
3396	138
3400	152
3404	156
3408	152
3412	146
3416	138
3420	157
3424	143
3428	151
3432	138
3436	141
3440	144
3444	158
3448	140
3452	144
3456	154
3460	166
3464	148
3468	157
3472	163
3476	144
3480	148
3484	146
3488	138
3492	160
3496	146
3500	151
3504	139
3508	139
3512	146
3516	164
3520	126
3524	150
3528	144
3532	143
3536	150
3540	156
3544	123
3548	152
3552	133
3556	144
3560	148
3564	137
3568	157
3572	166
3576	131
3580	119
3584	136
3588	127
3592	137
3596	135
3600	148
3604	144
3608	146
3612	108
3616	150
3620	167
3624	134
3628	146
3632	128
3636	142
3640	135
3644	149
3648	120
3652	154
3656	126
3660	135
3664	135
3668	139
3672	141
3676	133
3680	147
3684	150
3688	141
3692	126
3696	106
3700	147
3704	142
3708	120
3712	142
3716	145
3720	125
3724	117
3728	134
3732	145
3736	144
3740	116
3744	121
3748	131
3752	124
3756	140
3760	123
3764	139
3768	137
3772	135
3776	144
3780	124
3784	145
3788	125
3792	126
3796	136
3800	122
3804	110
3808	129
3812	115
3816	137
3820	107
3824	99
3828	145
3832	118
3836	128
3840	102
3844	128
3848	119
3852	146
3856	131
3860	133
3864	114
3868	126
3872	138
3876	120
3880	128
3884	122
3888	141
3892	132
3896	128
3900	122
3904	117
3908	131
3912	121
3916	124
3920	115
3924	141
3928	142
3932	113
3936	124
3940	120
3944	112
3948	123
3952	117
3956	146
3960	136
3964	121
3968	124
3972	110
3976	121
3980	125
3984	118
3988	108
3992	124
3996	115
4000	121
4004	114
4008	118
4012	129
4016	99
4020	119
4024	118
4028	111
4032	127
4036	114
4040	117
4044	129
4048	107
4052	108
4056	139
4060	116
4064	120
4068	98
4072	121
4076	117
4080	95
4084	112
4088	108
4092	111
4096	132
4100	117
4104	112
4108	113
4112	92
4116	99
4120	94
4124	119
4128	127
4132	125
4136	109
4140	93
4144	118
4148	96
4152	120
4156	106
4160	110
4164	106
4168	95
4172	107
4176	106
4180	104
4184	106
4188	114
4192	110
4196	92
4200	102
4204	106
4208	126
4212	90
4216	99
4220	104
4224	96
4228	82
4232	107
4236	122
4240	111
4244	95
4248	108
4252	111
4256	119
4260	101
4264	112
4268	88
4272	106
4276	108
4280	98
4284	104
4288	94
4292	87
4296	97
4300	114
4304	104
4308	131
4312	96
4316	114
4320	92
4324	113
4328	90
4332	92
4336	100
4340	106
4344	125
4348	111
4352	102
4356	102
4360	118
4364	99
4368	97
4372	110
4376	98
4380	87
4384	100
4388	102
4392	105
4396	66
4400	104
4404	79
4408	91
4412	108
4416	104
4420	88
4424	84
4428	117
4432	111
4436	106
4440	91
4444	104
4448	94
4452	88
4456	89
4460	85
4464	105
4468	88
4472	106
4476	89
4480	93
4484	103
4488	99
4492	89
4496	97
4500	101
4504	94
4508	74
4512	105
4516	85
4520	83
4524	100
4528	85
4532	99
4536	94
4540	95
4544	94
4548	85
4552	90
4556	79
4560	93
4564	78
4568	64
4572	87
4576	106
4580	93
4584	82
4588	99
4592	102
4596	91
4600	108
4604	92
4608	83
4612	95
4616	96
4620	95
4624	100
4628	88
4632	86
4636	81
4640	73
4644	78
4648	85
4652	77
4656	68
4660	82
4664	106
4668	97
4672	66
4676	87
4680	76
4684	89
4688	99
4692	70
4696	84
4700	83
4704	87
4708	80
4712	104
4716	84
4720	85
4724	84
4728	82
4732	81
4736	81
4740	71
4744	61
4748	80
4752	89
4756	76
4760	75
4764	89
4768	92
4772	69
4776	66
4780	93
4784	84
4788	86
4792	81
4796	75
4800	87
4804	86
4808	76
4812	73
4816	62
4820	60
4824	91
4828	91
4832	69
4836	71
4840	92
4844	64
4848	72
4852	82
4856	70
4860	76
4864	85
4868	66
4872	77
4876	61
4880	75
4884	79
4888	74
4892	83
4896	69
4900	62
4904	82
4908	78
4912	72
4916	75
4920	77
4924	62
4928	77
4932	66
4936	58
4940	65
4944	69
4948	58
4952	89
4956	85
4960	89
4964	66
4968	72
4972	74
4976	84
4980	56
4984	65
4988	67
4992	63
4996	60
5000	64
5004	60
5008	57
5012	74
5016	84
5020	71
5024	72
5028	74
5032	63
5036	73
5040	52
5044	68
5048	67
5052	75
5056	63
5060	66
5064	78
5068	60
5072	75
5076	61
5080	80
5084	67
5088	66
5092	68
5096	63
5100	70
5104	66
5108	70
5112	65
5116	63
5120	62
5124	60
5128	69
5132	74
5136	60
5140	75
5144	53
5148	49
5152	65
5156	58
5160	72
5164	61
5168	56
5172	48
5176	68
5180	70
5184	68
5188	58
5192	72
5196	65
5200	58
5204	57
5208	57
5212	57
5216	70
5220	70
5224	50
5228	56
5232	71
5236	68
5240	59
5244	61
5248	66
5252	67
5256	55
5260	63
5264	71
5268	63
5272	53
5276	73
5280	78
5284	63
5288	55
5292	74
5296	52
5300	50
5304	73
5308	50
5312	73
5316	59
5320	48
5324	53
5328	48
5332	60
5336	49
5340	53
5344	72
5348	46
5352	58
5356	68
5360	70
5364	58
5368	65
5372	57
5376	47
5380	50
5384	52
5388	56
5392	50
5396	57
5400	44
5404	56
5408	56
5412	52
5416	62
5420	49
5424	59
5428	54
5432	47
5436	49
5440	64
5444	46
5448	56
5452	51
5456	60
5460	56
5464	56
5468	62
5472	62
5476	61
5480	52
5484	58
5488	61
5492	50
5496	56
5500	52
5504	58
5508	53
5512	57
5516	58
5520	48
5524	45
5528	64
5532	42
5536	53
5540	45
5544	49
5548	51
5552	41
5556	51
5560	45
5564	67
5568	56
5572	59
5576	51
5580	53
5584	56
5588	54
5592	44
5596	60
5600	44
5604	38
5608	45
5612	41
5616	40
5620	48
5624	47
5628	32
5632	62
5636	52
5640	43
5644	45
5648	49
5652	55
5656	56
5660	58
5664	45
5668	44
5672	53
5676	56
5680	49
5684	58
5688	41
5692	51
5696	41
5700	47
5704	32
5708	48
5712	60
5716	40
5720	52
5724	56
5728	40
5732	52
5736	40
5740	53
5744	38
5748	45
5752	45
5756	54
5760	39
5764	46
5768	42
5772	43
5776	64
5780	37
5784	50
5788	41
5792	41
5796	50
5800	32
5804	35
5808	31
5812	35
5816	35
5820	42
5824	51
5828	47
5832	36
5836	33
5840	36
5844	45
5848	46
5852	42
5856	46
5860	30
5864	42
5868	44
5872	36
5876	42
5880	56
5884	37
5888	41
5892	40
5896	49
5900	46
5904	39
5908	51
5912	43
5916	45
5920	53
5924	43
5928	45
5932	39
5936	50
5940	27
5944	30
5948	44
5952	46
5956	41
5960	43
5964	42
5968	40
5972	37
5976	38
5980	36
5984	37
5988	41
5992	44
5996	39
6000	36
6004	43
6008	27
6012	49
6016	44
6020	52
6024	40
6028	31
6032	34
6036	41
6040	33
6044	30
6048	41
6052	29
6056	30
6060	39
6064	51
6068	35
6072	35
6076	35
6080	42
6084	38
6088	35
6092	41
6096	41
6100	29
6104	29
6108	33
6112	32
6116	42
6120	49
6124	43
6128	31
6132	35
6136	31
6140	36
6144	42
6148	27
6152	38
6156	36
6160	30
6164	37
6168	38
6172	38
6176	35
6180	25
6184	36
6188	31
6192	28
6196	31
6200	32
6204	37
6208	33
6212	32
6216	36
6220	30
6224	30
6228	26
6232	33
6236	40
6240	29
6244	30
6248	36
6252	26
6256	40
6260	37
6264	37
6268	30
6272	27
6276	34
6280	30
6284	35
6288	36
6292	27
6296	21
6300	30
6304	37
6308	30
6312	41
6316	31
6320	27
6324	29
6328	26
6332	32
6336	35
6340	32
6344	27
6348	27
6352	23
6356	35
6360	22
6364	27
6368	32
6372	29
6376	29
6380	28
6384	34
6388	36
6392	29
6396	25
6400	29
6404	25
6408	27
6412	30
6416	36
6420	26
6424	28
6428	22
6432	29
6436	32
6440	32
6444	29
6448	16
6452	19
6456	36
6460	28
6464	25
6468	24
6472	35
6476	26
6480	23
6484	25
6488	23
6492	23
6496	24
6500	28
6504	26
6508	16
6512	27
6516	30
6520	27
6524	29
6528	36
6532	29
6536	25
6540	18
6544	37
6548	16
6552	28
6556	23
6560	25
6564	23
6568	30
6572	26
6576	28
6580	25
6584	26
6588	23
6592	28
6596	21
6600	30
6604	23
6608	34
6612	23
6616	25
6620	23
6624	22
6628	36
6632	22
6636	30
6640	17
6644	31
6648	26
6652	20
6656	22
6660	20
6664	27
6668	31
6672	21
6676	23
6680	26
6684	27
6688	26
6692	26
6696	18
6700	20
6704	26
6708	17
6712	29
6716	33
6720	25
6724	24
6728	18
6732	31
6736	26
6740	13
6744	23
6748	19
6752	18
6756	21
6760	20
6764	25
6768	28
6772	25
6776	24
6780	22
6784	16
6788	17
6792	19
6796	23
6800	12
6804	21
6808	30
6812	26
6816	39
6820	25
6824	17
6828	20
6832	22
6836	16
6840	16
6844	24
6848	15
6852	21
6856	27
6860	24
6864	22
6868	15
6872	20
6876	27
6880	13
6884	14
6888	20
6892	22
6896	21
6900	18
6904	17
6908	22
6912	23
6916	23
6920	21
6924	25
6928	25
6932	18
6936	26
6940	20
6944	26
6948	20
6952	18
6956	23
6960	23
6964	14
6968	30
6972	30
6976	20
6980	12
6984	23
6988	14
6992	23
6996	19
7000	20
7004	21
7008	19
7012	26
7016	14
7020	31
7024	25
7028	30
7032	22
7036	20
7040	23
7044	16
7048	17
7052	16
7056	18
7060	13
7064	15
7068	29
7072	18
7076	22
7080	31
7084	20
7088	13
7092	17
7096	18
7100	15
7104	14
7108	19
7112	20
7116	14
7120	23
7124	9
7128	17
7132	24
7136	14
7140	23
7144	12
7148	20
7152	18
7156	15
7160	11
7164	19
7168	23
7172	12
7176	12
7180	18
7184	15
7188	18
7192	19
7196	21
7200	17
7204	20
7208	18
7212	11
7216	14
7220	17
7224	22
7228	14
7232	17
7236	11
7240	14
7244	13
7248	21
7252	22
7256	22
7260	17
7264	22
7268	12
7272	8
7276	22
7280	17
7284	22
7288	13
7292	15
7296	18
7300	18
7304	13
7308	23
7312	16
7316	6
7320	17
7324	16
7328	12
7332	16
7336	18
7340	9
7344	15
7348	25
7352	17
7356	14
7360	19
7364	18
7368	19
7372	14
7376	19
7380	21
7384	13
7388	10
7392	11
7396	17
7400	13
7404	16
7408	19
7412	15
7416	7
7420	12
7424	17
7428	15
7432	12
7436	17
7440	13
7444	20
7448	11
7452	15
7456	12
7460	18
7464	11
7468	16
7472	19
7476	18
7480	18
7484	13
7488	11
7492	16
7496	15
7500	19
7504	10
7508	9
7512	16
7516	11
7520	14
7524	10
7528	15
7532	12
7536	13
7540	10
7544	18
7548	11
7552	14
7556	12
7560	14
7564	10
7568	16
7572	12
7576	10
7580	17
7584	7
7588	7
7592	11
7596	7
7600	10
7604	15
7608	7
7612	11
7616	13
7620	15
7624	15
7628	17
7632	15
7636	11
7640	7
7644	10
7648	16
7652	10
7656	16
7660	14
7664	15
7668	12
7672	10
7676	8
7680	11
7684	10
7688	8
7692	14
7696	6
7700	13
7704	15
7708	7
7712	7
7716	7
7720	12
7724	10
7728	9
7732	12
7736	12
7740	9
7744	10
7748	15
7752	14
7756	11
7760	14
7764	13
7768	15
7772	8
7776	16
7780	7
7784	7
7788	14
7792	7
7796	8
7800	15
7804	11
7808	9
7812	9
7816	17
7820	15
7824	9
7828	8
7832	15
7836	6
7840	10
7844	11
7848	12
7852	10
7856	14
7860	13
7864	7
7868	6
7872	5
7876	10
7880	14
7884	14
7888	8
7892	13
7896	9
7900	9
7904	7
7908	8
7912	11
7916	15
7920	9
7924	15
7928	8
7932	9
7936	12
7940	11
7944	7
7948	17
7952	11
7956	7
7960	11
7964	15
7968	11
7972	7
7976	5
7980	9
7984	11
7988	11
7992	5
7996	7
8000	6
8004	9
8008	9
8012	9
8016	11
8020	8
8024	8
8028	11
8032	13
8036	14
8040	7
8044	7
8048	8
8052	10
8056	10
8060	4
8064	5
8068	7
8072	5
8076	9
8080	1
8084	11
8088	7
8092	11
8096	5
8100	7
8104	9
8108	10
8112	5
8116	6
8120	7
8124	5
8128	4
8132	12
8136	9
8140	10
8144	6
8148	5
8152	10
8156	4
8160	8
8164	7
8168	7
8172	10
8176	17
8180	7
8184	10
8188	2
8192	13
8196	3
8200	12
8204	11
8208	4
8212	9
8216	9
8220	7
8224	7
8228	6
8232	9
8236	4
8240	8
8244	14
8248	12
8252	9
8256	14
8260	15
8264	4
8268	7
8272	9
8276	6
8280	7
8284	8
8288	8
8292	11
8296	4
8300	9
8304	3
8308	4
8312	5
8316	9
8320	7
8324	6
8328	8
8332	3
8336	7
8340	12
8344	9
8348	10
8352	3
8356	5
8360	6
8364	10
8368	3
8372	6
8376	4
8380	5
8384	8
8388	4
8392	5
8396	8
8400	5
8404	4
8408	10
8412	11
8416	7
8420	11
8424	2
8428	8
8432	6
8436	7
8440	7
8444	8
8448	4
8452	11
8456	6
8460	3
8464	6
8468	3
8472	7
8476	8
8480	7
8484	4
8488	8
8492	7
8496	7
8500	5
8504	3
8508	10
8512	9
8516	8
8520	6
8524	8
8528	8
8532	4
8536	7
8540	4
8544	6
8548	4
8552	6
8556	6
8560	5
8564	6
8568	3
8572	5
8576	9
8580	7
8584	5
8588	5
8592	3
8596	2
8600	3
8604	4
8608	2
8612	4
8616	7
8620	6
8624	7
8628	9
8632	6
8636	8
8640	2
8644	5
8648	3
8652	6
8656	5
8660	7
8664	7
8668	2
8672	5
8676	7
8680	7
8684	6
8688	5
8692	5
8696	4
8700	3
8704	7
8708	5
8712	9
8716	6
8720	3
8724	5
8728	9
8732	7
8736	5
8740	2
8744	7
8748	4
8752	2
8756	4
8760	6
8764	3
8768	4
8772	3
8776	7
8780	4
8788	4
8796	5
8800	5
8804	4
8808	3
8812	3
8816	1
8820	7
8824	7
8828	4
8832	4
8836	13
8840	2
8844	5
8848	3
8852	4
8856	2
8860	4
8864	8
8868	2
8872	6
8876	3
8880	4
8884	7
8888	4
8892	3
8896	6
8900	6
8904	2
8908	1
8912	4
8916	4
8920	4
8924	2
8928	1
8932	3
8936	3
8940	6
8944	4
8948	5
8952	7
8956	2
8960	5
8964	6
8968	5
8972	5
8976	5
8980	3
8984	1
8988	5
8992	5
8996	2
9000	6
9004	5
9008	2
9012	3
9016	11
9020	3
9024	8
9028	1
9032	8
9036	1
9040	1
9044	6
9048	1
9052	5
9056	3
9060	6
9064	7
9068	6
9072	7
9076	3
9080	4
9084	2
9088	5
9092	3
9096	3
9100	4
9104	5
9108	6
9112	1
9116	4
9120	2
9124	4
9128	2
9132	5
9136	3
9140	2
9144	2
9148	3
9152	6
9156	4
9160	2
9164	5
9168	1
9172	3
9176	5
9180	1
9184	4
9188	3
9192	3
9196	3
9200	1
9204	3
9208	2
9212	2
9216	11
9220	3
9224	4
9228	4
9236	5
9240	2
9244	4
9248	3
9252	1
9256	4
9260	4
9264	4
9268	2
9284	8
9288	4
9292	2
9296	2
9300	3
9304	2
9308	2
9312	1
9316	4
9320	2
9324	4
9328	4
9332	1
9336	3
9340	4
9344	2
9348	3
9352	2
9356	4
9360	3
9364	5
9368	2
9372	1
9376	1
9380	3
9384	2
9388	2
9392	3
9396	3
9400	3
9404	4
9408	2
9412	3
9416	2
9420	2
9424	5
9428	5
9432	1
9436	2
9440	1
9444	4
9448	3
9452	1
9456	4
9460	4
9464	2
9468	4
9472	2
9476	2
9480	5
9488	1
9492	4
9496	3
9500	2
9504	7
9508	4
9512	3
9516	5
9520	3
9524	7
9528	2
9532	4
9536	2
9540	4
9548	2
9552	4
9556	3
9560	2
9564	1
9568	6
9572	3
9576	1
9580	2
9588	3
9592	2
9596	7
9600	1
9604	2
9612	5
9620	2
9624	5
9632	5
9636	1
9644	4
9648	1
9656	1
9660	7
9664	1
9668	2
9672	1
9676	1
9680	1
9684	1
9688	2
9692	3
9696	1
9700	1
9704	2
9708	5
9712	5
9716	1
9720	2
9724	2
9728	1
9732	2
9736	1
9740	2
9744	2
9748	2
9752	1
9756	1
9760	5
9764	3
9768	1
9772	1
9780	2
9784	1
9788	3
9792	4
9796	3
9800	3
9808	4
9816	1
9824	2
9828	2
9832	2
9836	2
9840	3
9844	1
9848	4
9852	2
9856	3
9860	1
9864	3
9868	1
9872	3
9876	2
9884	1
9888	3
9892	1
9896	2
9900	1
9904	1
9908	2
9912	2
9916	1
9928	1
9932	1
9936	1
9940	3
9944	2
9948	2
9952	2
9956	2
9964	1
9968	2
9980	3
9984	2
9992	3
9996	2
10004	1
10008	2
10012	1
10020	1
10024	1
10028	2
10032	2
10036	1
10040	3
10044	2
10048	2
10052	3
10056	1
10060	1
10064	1
10068	2
10072	5
10076	1
10084	1
10088	4
10092	4
10096	1
10100	4
10104	4
10108	1
10112	1
10116	2
10120	1
10124	1
10128	1
10136	4
10144	2
10148	1
10152	3
10160	3
10164	1
10168	2
10176	1
10180	1
10184	3
10192	3
10200	1
10204	2
10208	1
10216	2
10224	4
10228	2
10232	1
10236	1
10240	3
10252	3
10260	2
10264	2
10268	1
10272	1
10276	1
10280	3
10284	2
10288	1
10292	1
10296	1
10300	2
10304	3
10308	1
10312	3
10316	3
10320	1
10324	1
10328	2
10332	4
10336	2
10340	1
10344	2
10356	1
10364	2
10368	2
10372	1
10376	1
10380	2
10384	2
10388	1
10392	1
10396	4
10400	2
10404	1
10412	2
10420	1
10424	5
10428	2
10432	1
10440	1
10456	1
10468	1
10484	1
10488	3
10492	1
10496	1
10500	1
10504	3
10516	1
10520	1
10524	2
10528	2
10532	1
10536	1
10540	1
10544	2
10548	2
10552	2
10564	1
10568	2
10584	1
10592	2
10596	1
10600	1
10604	1
10608	2
10616	2
10620	2
10624	1
10628	1
10632	3
10636	3
10640	1
10648	2
10652	4
10656	1
10664	1
10668	1
10680	1
10684	1
10692	1
10704	1
10708	1
10712	1
10716	1
10720	2
10724	1
10728	1
10736	1
10740	2
10744	1
10760	3
10768	1
10780	1
10788	1
10792	1
10796	3
10800	2
10812	2
10816	2
10820	1
10824	3
10828	2
10832	2
10836	2
10848	1
10856	3
10864	2
10872	1
10876	1
10884	2
10892	1
10896	2
10900	1
10904	1
10916	1
10924	1
10928	1
10932	1
10940	1
10948	1
10956	4
10960	2
10964	1
10968	1
10972	1
10980	1
10984	1
11012	2
11028	2
11036	1
11044	1
11060	1
11064	1
11072	1
11104	1
11108	1
11112	1
11116	1
11120	1
11132	2
11148	1
11152	1
11160	2
11164	1
11176	2
11180	1
11184	1
11188	1
11192	1
11208	1
11212	1
11220	1
11224	1
11232	1
11256	3
11260	1
11264	1
11276	1
11312	1
11316	1
11344	2
11360	3
11368	1
11372	1
11388	1
11424	1
11428	1
11436	1
11440	1
11444	1
11468	1
11476	1
11492	2
11508	1
11520	1
11524	1
11528	1
11536	1
11540	1
11548	1
11580	1
11596	1
11600	1
11608	1
11624	1
11664	1
11668	1
11672	2
11684	1
11708	1
11716	1
11732	2
11736	1
11756	1
11764	1
11780	2
11804	1
11832	1
11844	1
11848	1
11852	1
11896	1
11944	1
11984	1
11988	1
11996	1
12008	1
12056	1
12096	1
12104	1
12120	1
12184	2
12212	1
12240	1
12244	1
12248	1
12252	1
12256	1
12276	1
12304	1
12316	1
12320	1
12328	1
12336	1
12376	1
12388	1
12396	2
12420	1
12448	1
12460	1
12592	1
12636	1
12660	2
12688	1
12700	1
12728	1
12740	1
12744	1
12748	1
12828	1
12968	1
12972	1
12980	1
12988	1
13084	1
13096	1
13148	1
13360	1
13376	1
13384	1
13400	1
13492	1
13524	1
13984	2
14148	1
14568	1
14844	1
