# RIGHT channel histogram (bin size: 16)
# Value	Count
-32768	12
-32752	1
-32736	2
-32720	1
-32704	2
-32672	1
-32656	1
-32640	1
-32608	2
-32592	5
-32576	1
-32560	1
-32544	1
-32528	3
-32496	1
-32480	2
-32464	2
-32448	3
-32432	3
-32416	4
-32400	4
-32384	3
-32368	1
-32352	4
-32336	3
-32320	2
-32304	6
-32288	2
-32272	3
-32256	2
-32240	4
-32224	1
-32192	2
-32176	3
-32160	3
-32144	4
-32128	1
-32112	4
-32096	1
-32080	4
-32064	3
-32048	4
-32032	3
-32000	2
-31984	2
-31968	2
-31952	1
-31936	2
-31920	2
-31904	4
-31888	4
-31872	4
-31856	4
-31840	3
-31808	1
-31792	3
-31776	2
-31760	2
-31744	3
-31728	2
-31712	2
-31696	2
-31680	2
-31664	2
-31648	2
-31632	5
-31616	1
-31600	1
-31568	3
-31552	1
-31536	3
-31520	1
-31504	2
-31488	7
-31472	2
-31456	1
-31440	3
-31424	1
-31408	5
-31392	6
-31376	4
-31360	1
-31344	3
-31328	4
-31312	5
-31296	3
-31280	2
-31264	4
-31248	3
-31232	3
-31216	3
-31200	2
-31184	2
-31168	3
-31152	5
-31136	1
-31120	3
-31104	4
-31088	4
-31072	3
-31056	4
-31008	1
-30992	4
-30976	1
-30960	2
-30944	2
-30928	3
-30912	2
-30896	4
-30880	4
-30864	5
-30848	2
-30832	3
-30816	3
-30800	4
-30784	2
-30768	2
-30752	4
-30736	1
-30720	4
-30704	6
-30688	3
-30656	4
-30640	3
-30624	7
-30608	1
-30592	1
-30576	2
-30560	5
-30544	3
-30528	2
-30512	4
-30496	2
-30480	3
-30448	2
-30432	2
-30416	3
-30400	5
-30384	2
-30368	4
-30352	1
-30336	2
-30320	1
-30304	1
-30288	1
-30272	2
-30256	5
-30240	5
-30224	9
-30208	4
-30192	3
-30176	4
-30160	4
-30144	4
-30128	3
-30112	6
-30096	5
-30080	4
-30064	5
-30048	9
-30032	5
-30016	7
-30000	1
-29984	2
-29968	3
-29952	5
-29936	3
-29920	4
-29904	4
-29888	3
-29872	1
-29856	1
-29824	6
-29808	4
-29792	6
-29776	3
-29760	2
-29744	4
-29728	1
-29712	7
-29696	6
-29680	4
-29664	1
-29648	1
-29632	3
-29616	4
-29600	2
-29584	7
-29568	3
-29552	4
-29536	1
-29520	2
-29504	2
-29488	5
-29472	2
-29456	3
-29440	4
-29408	2
-29392	2
-29376	3
-29360	3
-29344	1
-29328	3
-29312	5
-29296	2
-29280	4
-29264	3
-29248	2
-29232	5
-29216	8
-29200	6
-29184	5
-29168	3
-29152	3
-29136	2
-29120	3
-29104	4
-29088	2
-29072	6
-29056	4
-29040	2
-29024	3
-29008	1
-28992	4
-28976	2
-28960	4
-28944	4
-28928	3
-28912	3
-28896	6
-28880	7
-28864	3
-28848	5
-28832	5
-28816	4
-28800	4
-28784	2
-28768	2
-28752	4
-28736	4
-28720	6
-28704	5
-28688	2
-28672	5
-28656	8
-28640	6
-28624	5
-28608	6
-28592	11
-28576	5
-28560	3
-28544	4
-28528	5
-28512	5
-28496	3
-28480	7
-28464	7
-28448	4
-28432	6
-28416	2
-28400	6
-28384	6
-28368	6
-28352	4
-28336	4
-28320	3
-28304	5
-28288	7
-28272	2
-28256	6
-28240	5
-28224	5
-28208	3
-28192	2
-28176	3
-28160	6
-28144	5
-28128	1
-28112	1
-28096	7
-28080	2
-28064	5
-28048	4
-28032	6
-28016	2
-28000	6
-27984	5
-27968	6
-27952	7
-27936	3
-27920	4
-27904	4
-27888	3
-27872	4
-27856	1
-27840	4
-27824	4
-27808	2
-27792	4
-27776	2
-27760	4
-27744	3
-27728	7
-27712	4
-27696	6
-27680	4
-27664	4
-27648	3
-27632	6
-27616	6
-27600	4
-27584	3
-27568	5
-27552	8
-27536	3
-27520	6
-27504	4
-27488	7
-27472	4
-27456	5
-27440	9
-27424	2
-27408	5
-27392	5
-27376	6
-27360	6
-27344	3
-27328	6
-27312	7
-27296	7
-27280	3
-27264	6
-27248	11
-27232	6
-27216	9
-27200	3
-27184	7
-27168	5
-27152	8
-27136	3
-27120	2
-27104	4
-27088	6
-27072	8
-27056	6
-27040	4
-27024	2
-27008	3
-26992	9
-26976	8
-26960	7
-26944	7
-26928	5
-26912	5
-26896	11
-26880	4
-26864	6
-26848	10
-26832	7
-26816	7
-26800	6
-26784	7
-26768	3
-26752	3
-26736	8
-26720	5
-26704	9
-26688	5
-26672	3
-26656	7
-26640	4
-26624	8
-26608	3
-26592	2
-26576	6
-26560	6
-26544	11
-26512	2
-26496	4
-26480	4
-26464	4
-26448	10
-26432	6
-26416	3
-26400	7
-26384	6
-26368	7
-26352	5
-26336	7
-26320	6
-26304	7
-26288	10
-26272	6
-26256	9
-26240	3
-26224	5
-26208	8
-26192	5
-26176	6
-26160	6
-26144	8
-26128	5
-26112	3
-26096	3
-26080	4
-26064	5
-26048	7
-26032	7
-26016	3
-26000	2
-25984	13
-25968	8
-25952	4
-25936	9
-25920	4
-25904	6
-25888	9
-25872	7
-25856	6
-25840	10
-25824	9
-25808	6
-25792	8
-25776	11
-25760	6
-25744	2
-25728	12
-25712	6
-25696	12
-25680	7
-25664	13
-25648	13
-25632	8
-25616	9
-25600	4
-25584	3
-25568	6
-25552	9
-25536	9
-25520	11
-25504	9
-25488	6
-25472	6
-25456	7
-25440	7
-25424	5
-25408	6
-25392	5
-25376	8
-25360	6
-25344	6
-25328	6
-25312	10
-25296	5
-25280	8
-25264	5
-25248	12
-25232	8
-25216	4
-25200	6
-25184	7
-25168	8
-25152	9
-25136	8
-25120	7
-25104	5
-25088	7
-25072	4
-25056	14
-25040	4
-25024	8
-25008	3
-24992	9
-24976	8
-24960	8
-24944	8
-24928	7
-24912	5
-24896	8
-24880	4
-24864	3
-24848	3
-24832	4
-24816	12
-24800	10
-24784	7
-24768	10
-24752	5
-24736	5
-24720	7
-24704	10
-24688	7
-24672	9
-24656	7
-24640	7
-24624	8
-24608	7
-24592	13
-24576	6
-24560	6
-24544	7
-24528	8
-24512	7
-24496	7
-24480	11
-24464	9
-24448	12
-24432	10
-24416	6
-24400	11
-24384	8
-24368	6
-24352	7
-24336	7
-24320	8
-24304	9
-24288	7
-24272	8
-24256	14
-24240	8
-24224	11
-24208	11
-24192	13
-24176	15
-24160	11
-24144	12
-24128	8
-24112	6
-24096	5
-24080	7
-24064	10
-24048	11
-24032	6
-24016	13
-24000	5
-23984	9
-23968	10
-23952	13
-23936	7
-23920	9
-23904	13
-23888	7
-23872	17
-23856	15
-23840	9
-23824	12
-23808	13
-23792	8
-23776	16
-23760	13
-23744	9
-23728	10
-23712	11
-23696	19
-23680	12
-23664	12
-23648	10
-23632	17
-23616	12
-23600	12
-23584	11
-23568	11
-23552	6
-23536	16
-23520	15
-23504	9
-23488	17
-23472	13
-23456	8
-23440	11
-23424	15
-23408	12
-23392	8
-23376	11
-23360	12
-23344	18
-23328	6
-23312	16
-23296	14
-23280	15
-23264	7
-23248	10
-23232	12
-23216	13
-23200	14
-23184	14
-23168	15
-23152	11
-23136	11
-23120	15
-23104	12
-23088	10
-23072	7
-23056	15
-23040	19
-23024	14
-23008	10
-22992	10
-22976	17
-22960	10
-22944	8
-22928	11
-22912	21
-22896	12
-22880	19
-22864	9
-22848	8
-22832	13
-22816	17
-22800	14
-22784	8
-22768	13
-22752	13
-22736	10
-22720	23
-22704	11
-22688	15
-22672	13
-22656	10
-22640	16
-22624	14
-22608	13
-22592	11
-22576	15
-22560	10
-22544	16
-22528	13
-22512	15
-22496	16
-22480	25
-22464	7
-22448	12
-22432	17
-22416	14
-22400	11
-22384	23
-22368	19
-22352	5
-22336	11
-22320	17
-22304	15
-22288	16
-22272	15
-22256	19
-22240	19
-22224	13
-22208	17
-22192	13
-22176	25
-22160	18
-22144	15
-22128	15
-22112	18
-22096	17
-22080	22
-22064	15
-22048	7
-22032	22
-22016	17
-22000	16
-21984	25
-21968	21
-21952	19
-21936	16
-21920	20
-21904	17
-21888	20
-21872	22
-21856	16
-21840	17
-21824	21
-21808	17
-21792	21
-21776	12
-21760	15
-21744	12
-21728	21
-21712	22
-21696	20
-21680	22
-21664	16
-21648	20
-21632	26
-21616	17
-21600	14
-21584	20
-21568	23
-21552	19
-21536	21
-21520	17
-21504	18
-21488	19
-21472	18
-21456	14
-21440	18
-21424	22
-21408	21
-21392	28
-21376	11
-21360	24
-21344	19
-21328	14
-21312	30
-21296	23
-21280	13
-21264	17
-21248	18
-21232	26
-21216	31
-21200	31
-21184	21
-21168	15
-21152	22
-21136	11
-21120	15
-21104	20
-21088	30
-21072	16
-21056	26
-21040	19
-21024	26
-21008	32
-20992	22
-20976	18
-20960	29
-20944	18
-20928	21
-20912	20
-20896	18
-20880	19
-20864	24
-20848	27
-20832	20
-20816	33
-20800	21
-20784	28
-20768	25
-20752	17
-20736	21
-20720	19
-20704	24
-20688	23
-20672	22
-20656	30
-20640	24
-20624	25
-20608	22
-20592	28
-20576	22
-20560	20
-20544	24
-20528	23
-20512	20
-20496	27
-20480	24
-20464	23
-20448	19
-20432	25
-20416	24
-20400	25
-20384	27
-20368	28
-20352	26
-20336	20
-20320	28
-20304	34
-20288	21
-20272	28
-20256	26
-20240	17
-20224	23
-20208	22
-20192	24
-20176	26
-20160	24
-20144	25
-20128	20
-20112	20
-20096	23
-20080	29
-20064	32
-20048	28
-20032	24
-20016	25
-20000	22
-19984	22
-19968	24
-19952	36
-19936	35
-19920	33
-19904	22
-19888	35
-19872	37
-19856	24
-19840	27
-19824	30
-19808	35
-19792	33
-19776	23
-19760	30
-19744	17
-19728	29
-19712	21
-19696	17
-19680	30
-19664	24
-19648	34
-19632	23
-19616	35
-19600	19
-19584	28
-19568	26
-19552	29
-19536	26
-19520	33
-19504	28
-19488	40
-19472	37
-19456	36
-19440	30
-19424	38
-19408	33
-19392	29
-19376	25
-19360	32
-19344	32
-19328	36
-19312	32
-19296	28
-19280	28
-19264	37
-19248	20
-19232	28
-19216	29
-19200	24
-19184	35
-19168	27
-19152	37
-19136	40
-19120	36
-19104	35
-19088	26
-19072	45
-19056	41
-19040	31
-19024	37
-19008	31
-18992	42
-18976	30
-18960	28
-18944	37
-18928	38
-18912	35
-18896	33
-18880	32
-18864	38
-18848	38
-18832	30
-18816	39
-18800	43
-18784	43
-18768	37
-18752	34
-18736	29
-18720	43
-18704	36
-18688	35
-18672	36
-18656	38
-18640	36
-18624	46
-18608	27
-18592	41
-18576	47
-18560	39
-18544	35
-18528	41
-18512	35
-18496	33
-18480	35
-18464	38
-18448	37
-18432	42
-18416	33
-18400	32
-18384	30
-18368	37
-18352	40
-18336	49
-18320	40
-18304	32
-18288	33
-18272	48
-18256	43
-18240	40
-18224	48
-18208	36
-18192	33
-18176	37
-18160	46
-18144	47
-18128	44
-18112	40
-18096	38
-18080	36
-18064	32
-18048	43
-18032	53
-18016	47
-18000	46
-17984	44
-17968	37
-17952	44
-17936	46
-17920	46
-17904	41
-17888	47
-17872	51
-17856	48
-17840	48
-17824	53
-17808	47
-17792	39
-17776	58
-17760	43
-17744	51
-17728	40
-17712	58
-17696	43
-17680	45
-17664	48
-17648	46
-17632	48
-17616	60
-17600	42
-17584	62
-17568	65
-17552	53
-17536	65
-17520	39
-17504	59
-17488	50
-17472	54
-17456	42
-17440	54
-17424	52
-17408	62
-17392	48
-17376	44
-17360	50
-17344	58
-17328	56
-17312	64
-17296	55
-17280	52
-17264	50
-17248	42
-17232	52
-17216	51
-17200	51
-17184	60
-17168	62
-17152	51
-17136	54
-17120	65
-17104	57
-17088	45
-17072	42
-17056	45
-17040	63
-17024	55
-17008	60
-16992	41
-16976	45
-16960	53
-16944	66
-16928	60
-16912	62
-16896	63
-16880	45
-16864	45
-16848	46
-16832	61
-16816	55
-16800	62
-16784	67
-16768	54
-16752	57
-16736	55
-16720	59
-16704	60
-16688	53
-16672	59
-16656	65
-16640	44
-16624	58
-16608	66
-16592	60
-16576	48
-16560	60
-16544	55
-16528	73
-16512	52
-16496	65
-16480	64
-16464	51
-16448	58
-16432	56
-16416	63
-16400	78
-16384	55
-16368	79
-16352	56
-16336	49
-16320	61
-16304	48
-16288	73
-16272	54
-16256	56
-16240	60
-16224	63
-16208	58
-16192	63
-16176	61
-16160	79
-16144	80
-16128	60
-16112	72
-16096	64
-16080	73
-16064	72
-16048	63
-16032	73
-16016	74
-16000	66
-15984	60
-15968	75
-15952	47
-15936	78
-15920	71
-15904	72
-15888	77
-15872	76
-15856	71
-15840	66
-15824	67
-15808	81
-15792	66
-15776	62
-15760	66
-15744	58
-15728	69
-15712	64
-15696	81
-15680	60
-15664	74
-15648	58
-15632	76
-15616	41
-15600	71
-15584	65
-15568	69
-15552	79
-15536	73
-15520	74
-15504	79
-15488	67
-15472	72
-15456	78
-15440	88
-15424	66
-15408	75
-15392	74
-15376	75
-15360	55
-15344	102
-15328	90
-15312	74
-15296	88
-15280	90
-15264	82
-15248	78
-15232	70
-15216	82
-15200	86
-15184	73
-15168	70
-15152	89
-15136	65
-15120	90
-15104	75
-15088	84
-15072	80
-15056	82
-15040	78
-15024	87
-15008	72
-14992	76
-14976	80
-14960	75
-14944	73
-14928	75
-14912	94
-14896	83
-14880	82
-14864	85
-14848	61
-14832	84
-14816	75
-14800	81
-14784	88
-14768	74
-14752	71
-14736	86
-14720	66
-14704	98
-14688	95
-14672	76
-14656	70
-14640	94
-14624	97
-14608	82
-14592	88
-14576	80
-14560	105
-14544	84
-14528	94
-14512	88
-14496	79
-14480	95
-14464	83
-14448	84
-14432	89
-14416	78
-14400	68
-14384	107
-14368	91
-14352	107
-14336	88
-14320	106
-14304	99
-14288	113
-14272	82
-14256	100
-14240	73
-14224	99
-14208	81
-14192	105
-14176	85
-14160	84
-14144	114
-14128	82
-14112	90
-14096	77
-14080	81
-14064	81
-14048	105
-14032	105
-14016	87
-14000	85
-13984	105
-13968	91
-13952	96
-13936	86
-13920	97
-13904	96
-13888	100
-13872	75
-13856	90
-13840	92
-13824	103
-13808	97
-13792	92
-13776	123
-13760	91
-13744	96
-13728	109
-13712	111
-13696	93
-13680	99
-13664	92
-13648	103
-13632	113
-13616	92
-13600	101
-13584	108
-13568	84
-13552	112
-13536	90
-13520	93
-13504	115
-13488	104
-13472	100
-13456	83
-13440	108
-13424	106
-13408	116
-13392	106
-13376	82
-13360	101
-13344	107
-13328	116
-13312	105
-13296	99
-13280	109
-13264	118
-13248	97
-13232	105
-13216	113
-13200	113
-13184	126
-13168	109
-13152	136
-13136	129
-13120	122
-13104	105
-13088	102
-13072	111
-13056	117
-13040	118
-13024	106
-13008	121
-12992	126
-12976	115
-12960	139
-12944	115
-12928	111
-12912	117
-12896	111
-12880	114
-12864	116
-12848	131
-12832	145
-12816	141
-12800	124
-12784	96
-12768	117
-12752	104
-12736	112
-12720	125
-12704	102
-12688	123
-12672	125
-12656	145
-12640	116
-12624	134
-12608	116
-12592	110
-12576	128
-12560	124
-12544	120
-12528	128
-12512	136
-12496	120
-12480	134
-12464	138
-12448	135
-12432	125
-12416	138
-12400	133
-12384	127
-12368	125
-12352	119
-12336	114
-12320	121
-12304	112
-12288	131
-12272	136
-12256	146
-12240	124
-12224	137
-12208	127
-12192	117
-12176	127
-12160	130
-12144	136
-12128	147
-12112	131
-12096	154
-12080	167
-12064	136
-12048	161
-12032	150
-12016	129
-12000	127
-11984	121
-11968	145
-11952	139
-11936	137
-11920	126
-11904	151
-11888	145
-11872	147
-11856	150
-11840	134
-11824	140
-11808	134
-11792	135
-11776	132
-11760	142
-11744	146
-11728	171
-11712	130
-11696	154
-11680	165
-11664	139
-11648	155
-11632	148
-11616	165
-11600	122
-11584	145
-11568	165
-11552	161
-11536	138
-11520	145
-11504	144
-11488	143
-11472	140
-11456	157
-11440	167
-11424	131
-11408	141
-11392	137
-11376	152
-11360	136
-11344	143
-11328	156
-11312	157
-11296	161
-11280	151
-11264	128
-11248	145
-11232	182
-11216	159
-11200	163
-11184	137
-11168	156
-11152	165
-11136	160
-11120	159
-11104	139
-11088	154
-11072	142
-11056	155
-11040	140
-11024	152
-11008	164
-10992	155
-10976	161
-10960	168
-10944	157
-10928	149
-10912	169
-10896	158
-10880	152
-10864	182
-10848	159
-10832	183
-10816	177
-10800	171
-10784	152
-10768	160
-10752	153
-10736	171
-10720	199
-10704	169
-10688	175
-10672	168
-10656	172
-10640	183
-10624	142
-10608	153
-10592	181
-10576	171
-10560	172
-10544	169
-10528	170
-10512	193
-10496	156
-10480	186
-10464	201
-10448	185
-10432	178
-10416	162
-10400	146
-10384	164
-10368	155
-10352	177
-10336	176
-10320	148
-10304	180
-10288	183
-10272	174
-10256	197
-10240	173
-10224	170
-10208	183
-10192	180
-10176	202
-10160	168
-10144	178
-10128	169
-10112	170
-10096	171
-10080	188
-10064	211
-10048	187
-10032	181
-10016	192
-10000	210
-9984	161
-9968	185
-9952	187
-9936	187
-9920	184
-9904	185
-9888	184
-9872	171
-9856	164
-9840	195
-9824	182
-9808	189
-9792	188
-9776	193
-9760	207
-9744	200
-9728	196
-9712	174
-9696	167
-9680	188
-9664	171
-9648	208
-9632	189
-9616	208
-9600	192
-9584	202
-9568	219
-9552	235
-9536	212
-9520	180
-9504	233
-9488	201
-9472	199
-9456	209
-9440	224
-9424	202
-9408	206
-9392	202
-9376	235
-9360	205
-9344	205
-9328	199
-9312	232
-9296	190
-9280	225
-9264	202
-9248	190
-9232	236
-9216	213
-9200	209
-9184	208
-9168	220
-9152	220
-9136	198
-9120	223
-9104	203
-9088	215
-9072	192
-9056	205
-9040	183
-9024	194
-9008	230
-8992	190
-8976	202
-8960	235
-8944	209
-8928	212
-8912	235
-8896	218
-8880	225
-8864	213
-8848	242
-8832	225
-8816	237
-8800	221
-8784	221
-8768	231
-8752	215
-8736	244
-8720	223
-8704	211
-8688	234
-8672	253
-8656	228
-8640	258
-8624	229
-8608	235
-8592	211
-8576	222
-8560	225
-8544	217
-8528	227
-8512	223
-8496	224
-8480	240
-8464	213
-8448	256
-8432	242
-8416	231
-8400	241
-8384	220
-8368	229
-8352	243
-8336	237
-8320	248
-8304	205
-8288	250
-8272	235
-8256	246
-8240	235
-8224	258
-8208	222
-8192	243
-8176	224
-8160	244
-8144	256
-8128	238
-8112	221
-8096	230
-8080	218
-8064	237
-8048	234
-8032	229
-8016	252
-8000	265
-7984	235
-7968	260
-7952	216
-7936	246
-7920	248
-7904	217
-7888	249
-7872	223
-7856	213
-7840	250
-7824	269
-7808	238
-7792	251
-7776	242
-7760	272
-7744	277
-7728	224
-7712	264
-7696	243
-7680	259
-7664	263
-7648	241
-7632	241
-7616	259
-7600	247
-7584	254
-7568	257
-7552	272
-7536	285
-7520	261
-7504	256
-7488	258
-7472	272
-7456	234
-7440	246
-7424	243
-7408	256
-7392	253
-7376	258
-7360	252
-7344	269
-7328	264
-7312	242
-7296	270
-7280	280
-7264	297
-7248	255
-7232	260
-7216	283
-7200	264
-7184	268
-7168	259
-7152	243
-7136	274
-7120	295
-7104	291
-7088	293
-7072	252
-7056	274
-7040	253
-7024	276
-7008	251
-6992	275
-6976	255
-6960	268
-6944	274
-6928	270
-6912	250
-6896	247
-6880	282
-6864	288
-6848	266
-6832	283
-6816	289
-6800	247
-6784	264
-6768	271
-6752	315
-6736	302
-6720	289
-6704	292
-6688	279
-6672	266
-6656	279
-6640	300
-6624	268
-6608	278
-6592	272
-6576	277
-6560	303
-6544	276
-6528	289
-6512	276
-6496	280
-6480	294
-6464	283
-6448	308
-6432	249
-6416	286
-6400	289
-6384	299
-6368	258
-6352	308
-6336	279
-6320	271
-6304	277
-6288	282
-6272	297
-6256	272
-6240	312
-6224	285
-6208	306
-6192	296
-6176	321
-6160	297
-6144	319
-6128	309
-6112	265
-6096	317
-6080	311
-6064	288
-6048	311
-6032	297
-6016	268
-6000	296
-5984	310
-5968	307
-5952	292
-5936	317
-5920	285
-5904	286
-5888	332
-5872	285
-5856	282
-5840	304
-5824	307
-5808	288
-5792	290
-5776	316
-5760	289
-5744	293
-5728	311
-5712	315
-5696	303
-5680	302
-5664	312
-5648	336
-5632	314
-5616	313
-5600	284
-5584	308
-5568	309
-5552	318
-5536	315
-5520	314
-5504	359
-5488	287
-5472	297
-5456	316
-5440	328
-5424	305
-5408	310
-5392	323
-5376	343
-5360	346
-5344	314
-5328	302
-5312	320
-5296	333
-5280	327
-5264	317
-5248	330
-5232	299
-5216	366
-5200	323
-5184	341
-5168	334
-5152	333
-5136	301
-5120	347
-5104	351
-5088	321
-5072	310
-5056	306
-5040	326
-5024	327
-5008	343
-4992	329
-4976	315
-4960	327
-4944	326
-4928	322
-4912	333
-4896	346
-4880	324
-4864	312
-4848	339
-4832	350
-4816	354
-4800	320
-4784	339
-4768	323
-4752	329
-4736	357
-4720	340
-4704	347
-4688	297
-4672	334
-4656	365
-4640	359
-4624	330
-4608	366
-4592	334
-4576	342
-4560	355
-4544	354
-4528	330
-4512	348
-4496	348
-4480	356
-4464	325
-4448	313
-4432	337
-4416	330
-4400	354
-4384	345
-4368	330
-4352	345
-4336	339
-4320	373
-4304	364
-4288	348
-4272	349
-4256	335
-4240	345
-4224	326
-4208	378
-4192	352
-4176	354
-4160	372
-4144	345
-4128	374
-4112	352
-4096	373
-4080	329
-4064	360
-4048	384
-4032	347
-4016	355
-4000	361
-3984	334
-3968	332
-3952	351
-3936	375
-3920	369
-3904	356
-3888	311
-3872	335
-3856	354
-3840	362
-3824	372
-3808	333
-3792	364
-3776	362
-3760	385
-3744	349
-3728	346
-3712	381
-3696	330
-3680	359
-3664	354
-3648	345
-3632	393
-3616	378
-3600	359
-3584	343
-3568	371
-3552	379
-3536	379
-3520	373
-3504	355
-3488	355
-3472	373
-3456	364
-3440	367
-3424	327
-3408	369
-3392	375
-3376	394
-3360	343
-3344	354
-3328	348
-3312	354
-3296	362
-3280	373
-3264	362
-3248	394
-3232	371
-3216	368
-3200	353
-3184	374
-3168	392
-3152	364
-3136	360
-3120	407
-3104	367
-3088	381
-3072	360
-3056	382
-3040	379
-3024	386
-3008	397
-2992	369
-2976	373
-2960	389
-2944	374
-2928	381
-2912	388
-2896	390
-2880	367
-2864	391
-2848	380
-2832	360
-2816	384
-2800	350
-2784	369
-2768	377
-2752	345
-2736	399
-2720	375
-2704	359
-2688	379
-2672	345
-2656	331
-2640	372
-2624	346
-2608	412
-2592	372
-2576	417
-2560	356
-2544	415
-2528	364
-2512	369
-2496	407
-2480	360
-2464	379
-2448	404
-2432	404
-2416	427
-2400	350
-2384	383
-2368	386
-2352	386
-2336	414
-2320	400
-2304	412
-2288	403
-2272	399
-2256	383
-2240	379
-2224	388
-2208	334
-2192	354
-2176	355
-2160	389
-2144	389
-2128	380
-2112	390
-2096	377
-2080	393
-2064	387
-2048	367
-2032	391
-2016	359
-2000	360
-1984	423
-1968	390
-1952	392
-1936	400
-1920	426
-1904	366
-1888	404
-1872	429
-1856	364
-1840	355
-1824	386
-1808	380
-1792	390
-1776	418
-1760	377
-1744	374
-1728	414
-1712	404
-1696	384
-1680	400
-1664	390
-1648	408
-1632	424
-1616	376
-1600	395
-1584	418
-1568	411
-1552	381
-1536	408
-1520	419
-1504	405
-1488	384
-1472	412
-1456	377
-1440	390
-1424	405
-1408	439
-1392	409
-1376	396
-1360	378
-1344	383
-1328	388
-1312	396
-1296	437
-1280	385
-1264	425
-1248	406
-1232	403
-1216	387
-1200	392
-1184	378
-1168	425
-1152	412
-1136	397
-1120	408
-1104	406
-1088	418
-1072	418
-1056	408
-1040	423
-1024	407
-1008	412
-992	402
-976	372
-960	387
-944	467
-928	429
-912	408
-896	425
-880	384
-864	434
-848	404
-832	469
-816	368
-800	411
-784	403
-768	411
-752	400
-736	379
-720	394
-704	424
-688	400
-672	392
-656	388
-640	418
-624	419
-608	392
-592	415
-576	389
-560	391
-544	430
-528	377
-512	400
-496	395
-480	431
-464	390
-448	413
-432	394
-416	405
-400	414
-384	428
-368	417
-352	432
-336	396
-320	372
-304	398
-288	385
-272	396
-256	437
-240	388
-224	396
-208	398
-192	417
-176	372
-160	393
-144	387
-128	386
-112	423
-96	442
-80	425
-64	369
-48	403
-32	395
-16	411
0	788
16	408
32	358
48	403
64	410
80	385
96	410
112	419
128	386
144	422
160	413
176	406
192	417
208	435
224	425
240	382
256	405
272	418
288	408
304	394
320	441
336	398
352	416
368	392
384	389
400	442
416	402
432	362
448	401
464	400
480	426
496	418
512	416
528	374
544	419
560	442
576	395
592	423
608	395
624	408
640	379
656	410
672	422
688	388
704	412
720	416
736	372
752	445
768	388
784	389
800	365
816	400
832	415
848	385
864	388
880	372
896	444
912	413
928	409
944	397
960	430
976	380
992	416
1008	383
1024	380
1040	384
1056	406
1072	430
1088	370
1104	398
1120	376
1136	371
1152	404
1168	420
1184	397
1200	395
1216	411
1232	410
1248	404
1264	416
1280	381
1296	394
1312	382
1328	422
1344	405
1360	376
1376	423
1392	405
1408	405
1424	391
1440	376
1456	417
1472	387
1488	376
1504	409
1520	431
1536	404
1552	355
1568	410
1584	418
1600	434
1616	415
1632	382
1648	424
1664	378
1680	381
1696	389
1712	452
1728	406
1744	396
1760	398
1776	417
1792	393
1808	393
1824	391
1840	389
1856	370
1872	394
1888	417
1904	381
1920	400
1936	372
1952	382
1968	388
1984	423
2000	411
2016	404
2032	413
2048	394
2064	443
2080	400
2096	395
2112	357
2128	390
2144	420
2160	425
2176	397
2192	369
2208	423
2224	426
2240	393
2256	399
2272	371
2288	418
2304	369
2320	420
2336	375
2352	391
2368	384
2384	425
2400	398
2416	386
2432	409
2448	415
2464	391
2480	381
2496	438
2512	398
2528	389
2544	389
2560	400
2576	380
2592	382
2608	401
2624	410
2640	377
2656	429
2672	359
2688	404
2704	433
2720	403
2736	408
2752	392
2768	414
2784	345
2800	397
2816	389
2832	363
2848	407
2864	376
2880	389
2896	393
2912	392
2928	368
2944	433
2960	391
2976	408
2992	397
3008	420
3024	402
3040	404
3056	406
3072	399
3088	380
3104	380
3120	441
3136	416
3152	397
3168	396
3184	374
3200	383
3216	345
3232	388
3248	388
3264	409
3280	395
3296	364
3312	419
3328	358
3344	401
3360	385
3376	423
3392	334
3408	375
3424	382
3440	382
3456	385
3472	353
3488	362
3504	385
3520	413
3536	377
3552	403
3568	373
3584	396
3600	354
3616	371
3632	371
3648	343
3664	396
3680	378
3696	388
3712	326
3728	353
3744	380
3760	339
3776	383
3792	390
3808	371
3824	384
3840	381
3856	375
3872	356
3888	374
3904	381
3920	357
3936	376
3952	378
3968	349
3984	364
4000	377
4016	359
4032	376
4048	370
4064	378
4080	356
4096	382
4112	405
4128	401
4144	377
4160	367
4176	371
4192	342
4208	376
4224	335
4240	382
4256	342
4272	371
4288	351
4304	381
4320	368
4336	370
4352	371
4368	355
4384	325
4400	376
4416	376
4432	404
4448	393
4464	398
4480	378
4496	396
4512	380
4528	303
4544	330
4560	385
4576	364
4592	366
4608	387
4624	348
4640	348
4656	373
4672	357
4688	338
4704	344
4720	380
4736	364
4752	346
4768	344
4784	355
4800	359
4816	379
4832	333
4848	337
4864	355
4880	331
4896	434
4912	325
4928	365
4944	328
4960	364
4976	349
4992	353
5008	333
5024	336
5040	343
5056	344
5072	345
5088	330
5104	345
5120	332
5136	354
5152	347
5168	359
5184	356
5200	328
5216	347
5232	304
5248	314
5264	329
5280	367
5296	376
5312	356
5328	341
5344	361
5360	339
5376	362
5392	337
5408	349
5424	332
5440	331
5456	326
5472	323
5488	330
5504	324
5520	326
5536	338
5552	316
5568	298
5584	315
5600	358
5616	334
5632	322
5648	334
5664	348
5680	336
5696	328
5712	271
5728	320
5744	291
5760	324
5776	334
5792	341
5808	354
5824	332
5840	336
5856	325
5872	348
5888	341
5904	326
5920	312
5936	322
5952	304
5968	327
5984	294
6000	304
6016	312
6032	307
6048	357
6064	316
6080	347
6096	323
6112	323
6128	292
6144	304
6160	331
6176	338
6192	329
6208	320
6224	333
6240	310
6256	310
6272	310
6288	314
6304	307
6320	293
6336	310
6352	310
6368	308
6384	323
6400	322
6416	293
6432	306
6448	302
6464	338
6480	343
6496	329
6512	314
6528	303
6544	289
6560	284
6576	296
6592	278
6608	318
6624	305
6640	306
6656	305
6672	293
6688	309
6704	298
6720	294
6736	300
6752	278
6768	292
6784	295
6800	276
6816	274
6832	317
6848	324
6864	277
6880	294
6896	293
6912	312
6928	302
6944	303
6960	293
6976	286
6992	304
7008	302
7024	278
7040	298
7056	301
7072	298
7088	311
7104	268
7120	283
7136	296
7152	265
7168	289
7184	284
7200	304
7216	273
7232	256
7248	296
7264	309
7280	279
7296	282
7312	292
7328	273
7344	273
7360	292
7376	312
7392	259
7408	285
7424	290
7440	253
7456	274
7472	301
7488	292
7504	250
7520	248
7536	278
7552	292
7568	274
7584	282
7600	282
7616	251
7632	270
7648	237
7664	247
7680	272
7696	253
7712	267
7728	279
7744	264
7760	281
7776	271
7792	268
7808	271
7824	283
7840	285
7856	265
7872	263
7888	266
7904	298
7920	264
7936	261
7952	238
7968	267
7984	270
8000	280
8016	272
8032	232
8048	279
8064	259
8080	239
8096	253
8112	249
8128	228
8144	251
8160	273
8176	295
8192	237
8208	276
8224	251
8240	262
8256	212
8272	226
8288	283
8304	225
8320	245
8336	285
8352	257
8368	226
8384	235
8400	222
8416	225
8432	253
8448	220
8464	217
8480	243
8496	227
8512	231
8528	247
8544	231
8560	237
8576	260
8592	231
8608	230
8624	231
8640	195
8656	234
8672	229
8688	255
8704	260
8720	241
8736	226
8752	252
8768	225
8784	232
8800	221
8816	244
8832	231
8848	213
8864	222
8880	211
8896	220
8912	214
8928	200
8944	252
8960	231
8976	208
8992	241
9008	234
9024	213
9040	227
9056	228
9072	206
9088	230
9104	211
9120	254
9136	214
9152	221
9168	223
9184	219
9200	200
9216	225
9232	238
9248	232
9264	216
9280	208
9296	213
9312	228
9328	209
9344	208
9360	228
9376	208
9392	230
9408	206
9424	219
9440	209
9456	188
9472	235
9488	212
9504	191
9520	199
9536	215
9552	194
9568	207
9584	212
9600	206
9616	200
9632	215
9648	197
9664	216
9680	192
9696	234
9712	195
9728	210
9744	220
9760	214
9776	182
9792	195
9808	232
9824	179
9840	216
9856	202
9872	194
9888	205
9904	214
9920	186
9936	195
9952	176
9968	189
9984	176
10000	167
10016	204
10032	175
10048	167
10064	195
10080	206
10096	193
10112	211
10128	186
10144	183
10160	183
10176	173
10192	181
10208	180
10224	191
10240	177
10256	192
10272	209
10288	170
10304	191
10320	186
10336	161
10352	171
10368	176
10384	177
10400	174
10416	169
10432	177
10448	185
10464	178
10480	181
10496	159
10512	182
10528	174
10544	205
10560	197
10576	166
10592	175
10608	182
10624	171
10640	179
10656	189
10672	196
10688	180
10704	201
10720	169
10736	179
10752	198
10768	177
10784	160
10800	159
10816	170
10832	191
10848	170
10864	188
10880	185
10896	162
10912	162
10928	161
10944	160
10960	151
10976	143
10992	186
11008	159
11024	148
11040	171
11056	152
11072	170
11088	163
11104	180
11120	169
11136	174
11152	178
11168	198
11184	152
11200	176
11216	164
11232	145
11248	179
11264	162
11280	164
11296	175
11312	157
11328	166
11344	166
11360	146
11376	144
11392	135
11408	152
11424	127
11440	159
11456	145
11472	149
11488	140
11504	150
11520	150
11536	152
11552	142
11568	161
11584	158
11600	152
11616	138
11632	128
11648	159
11664	159
11680	153
11696	154
11712	142
11728	161
11744	132
11760	132
11776	158
11792	135
11808	167
11824	127
11840	136
11856	144
11872	137
11888	139
11904	135
11920	147
11936	144
11952	133
11968	130
11984	137
12000	106
12016	123
12032	125
12048	163
12064	130
12080	133
12096	135
12112	130
12128	131
12144	157
12160	128
12176	111
12192	131
12208	123
12224	159
12240	114
12256	128
12272	137
12288	119
12304	151
12320	111
12336	142
12352	134
12368	133
12384	132
12400	135
12416	133
12432	126
12448	130
12464	132
12480	125
12496	102
12512	131
12528	126
12544	137
12560	121
12576	99
12592	113
12608	122
12624	119
12640	123
12656	127
12672	115
12688	124
12704	119
12720	113
12736	131
12752	106
12768	119
12784	129
12800	112
12816	100
12832	118
12848	112
12864	111
12880	118
12896	117
12912	98
12928	110
12944	104
12960	108
12976	127
12992	126
13008	128
13024	123
13040	113
13056	105
13072	118
13088	108
13104	123
13120	129
13136	86
13152	115
13168	111
13184	125
13200	112
13216	109
13232	110
13248	111
13264	104
13280	108
13296	107
13312	124
13328	98
13344	116
13360	101
13376	102
13392	102
13408	125
13424	97
13440	93
13456	107
13472	107
13488	93
13504	113
13520	109
13536	103
13552	109
13568	117
13584	91
13600	92
13616	89
13632	109
13648	95
13664	119
13680	99
13696	93
13712	95
13728	87
13744	93
13760	95
13776	117
13792	101
13808	114
13824	89
13840	105
13856	95
13872	101
13888	95
13904	101
13920	98
13936	105
13952	71
13968	107
13984	94
14000	85
14016	94
14032	90
14048	101
14064	92
14080	72
14096	98
14112	107
14128	99
14144	88
14160	93
14176	96
14192	93
14208	97
14224	92
14240	77
14256	108
14272	92
14288	99
14304	92
14320	95
14336	80
14352	102
14368	68
14384	87
14400	86
14416	113
14432	93
14448	85
14464	88
14480	103
14496	81
14512	74
14528	85
14544	78
14560	79
14576	94
14592	83
14608	81
14624	99
14640	70
14656	98
14672	93
14688	79
14704	86
14720	64
14736	91
14752	87
14768	77
14784	87
14800	75
14816	71
14832	83
14848	79
14864	70
14880	80
14896	61
14912	88
14928	91
14944	79
14960	86
14976	82
14992	69
15008	77
15024	82
15040	83
15056	82
15072	73
15088	65
15104	74
15120	89
15136	66
15152	83
15168	67
15184	65
15200	71
15216	85
15232	82
15248	61
15264	85
15280	64
15296	77
15312	68
15328	83
15344	64
15360	61
15376	73
15392	58
15408	56
15424	69
15440	67
15456	61
15472	66
15488	62
15504	62
15520	67
15536	62
15552	64
15568	61
15584	57
15600	65
15616	50
15632	71
15648	73
15664	76
15680	61
15696	62
15712	73
15728	45
15744	64
15760	58
15776	67
15792	69
15808	59
15824	58
15840	79
15856	56
15872	71
15888	59
15904	78
15920	63
15936	56
15952	67
15968	49
15984	75
16000	63
16016	51
16032	75
16048	52
16064	58
16080	57
16096	62
16112	62
16128	64
16144	54
16160	65
16176	63
16192	61
16208	65
16224	52
16240	51
16256	56
16272	49
16288	71
16304	48
16320	58
16336	65
16352	63
16368	57
16384	45
16400	53
16416	59
16432	45
16448	61
16464	59
16480	55
16496	66
16512	54
16528	49
16544	52
16560	53
16576	53
16592	41
16608	54
16624	53
16640	43
16656	51
16672	52
16688	48
16704	53
16720	55
16736	52
16752	48
16768	42
16784	46
16800	59
16816	59
16832	43
16848	43
16864	54
16880	47
16896	57
16912	61
16928	45
16944	56
16960	57
16976	52
16992	38
17008	40
17024	44
17040	46
17056	55
17072	34
17088	55
17104	51
17120	33
17136	37
17152	40
17168	31
17184	55
17200	47
17216	55
17232	45
17248	42
17264	30
17280	37
17296	50
17312	51
17328	51
17344	55
17360	44
17376	49
17392	49
17408	44
17424	41
17440	36
17456	46
17472	52
17488	28
17504	36
17520	40
17536	51
17552	39
17568	43
17584	45
17600	42
17616	37
17632	39
17648	40
17664	50
17680	54
17696	37
17712	41
17728	32
17744	35
17760	37
17776	36
17792	32
17808	34
17824	47
17840	39
17856	40
17872	40
17888	44
17904	44
17920	42
17936	39
17952	39
17968	35
17984	48
18000	49
18016	37
18032	45
18048	37
18064	38
18080	46
18096	33
18112	41
18128	43
18144	45
18160	33
18176	38
18192	33
18208	37
18224	34
18240	45
18256	37
18272	33
18288	33
18304	38
18320	36
18336	32
18352	32
18368	27
18384	33
18400	28
18416	30
18432	35
18448	39
18464	35
18480	34
18496	24
18512	32
18528	32
18544	27
18560	39
18576	30
18592	31
18608	28
18624	25
18640	32
18656	46
18672	36
18688	34
18704	35
18720	32
18736	32
18752	25
18768	34
18784	23
18800	26
18816	32
18832	43
18848	25
18864	37
18880	33
18896	21
18912	23
18928	31
18944	35
18960	42
18976	41
18992	23
19008	28
19024	33
19040	36
19056	25
19072	35
19088	28
19104	35
19120	26
19136	30
19152	26
19168	23
19184	30
19200	36
19216	33
19232	33
19248	32
19264	29
19280	31
19296	35
19312	32
19328	27
19344	24
19360	26
19376	44
19392	21
19408	28
19424	34
19440	25
19456	26
19472	23
19488	30
19504	27
19520	30
19536	23
19552	24
19568	30
19584	25
19600	26
19616	26
19632	28
19648	18
19664	28
19680	21
19696	21
19712	16
19728	30
19744	30
19760	24
19776	28
19792	23
19808	16
19824	25
19840	16
19856	27
19872	27
19888	24
19904	31
19920	21
19936	27
19952	18
19968	22
19984	22
20000	25
20016	22
20032	26
20048	19
20064	20
20080	23
20096	20
20112	32
20128	28
20144	21
20160	19
20176	21
20192	26
20208	25
20224	20
20240	25
20256	24
20272	25
20288	30
20304	17
20320	19
20336	29
20352	24
20368	31
20384	23
20400	25
20416	24
20432	11
20448	20
20464	22
20480	22
20496	13
20512	19
20528	31
20544	22
20560	14
20576	13
20592	25
20608	25
20624	27
20640	30
20656	23
20672	18
20688	17
20704	23
20720	26
20736	23
20752	17
20768	25
20784	12
20800	11
20816	16
20832	15
20848	15
20864	24
20880	20
20896	13
20912	19
20928	20
20944	22
20960	13
20976	21
20992	18
21008	30
21024	11
21040	14
21056	27
21072	8
21088	19
21104	20
21120	13
21136	24
21152	14
21168	17
21184	20
21200	24
21216	10
21232	13
21248	21
21264	19
21280	24
21296	12
21312	20
21328	16
21344	15
21360	11
21376	17
21392	13
21408	25
21424	11
21440	14
21456	14
21472	22
21488	14
21504	15
21520	18
21536	20
21552	15
21568	21
21584	12
21600	21
21616	15
21632	19
21648	14
21664	20
21680	14
21696	22
21712	16
21728	20
21744	15
21760	14
21776	10
21792	21
21808	16
21824	18
21840	11
21856	21
21872	13
21888	18
21904	18
21920	13
21936	15
21952	14
21968	12
21984	9
22000	22
22016	11
22032	14
22048	16
22064	17
22080	14
22096	15
22112	10
22128	14
22144	11
22160	15
22176	10
22192	15
22208	11
22224	4
22240	12
22256	15
22272	13
22288	13
22304	16
22320	8
22336	9
22352	13
22368	15
22384	16
22400	12
22416	13
22432	8
22448	14
22464	11
22480	9
22496	14
22512	12
22528	9
22544	12
22560	11
22576	11
22592	17
22608	13
22624	14
22640	5
22656	18
22672	12
22688	7
22704	9
22720	15
22736	7
22752	8
22768	14
22784	14
22800	7
22816	9
22832	13
22848	11
22864	13
22880	9
22896	11
22912	10
22928	5
22944	11
22960	13
22976	13
22992	18
23008	12
23024	10
23040	10
23056	11
23072	12
23088	6
23104	12
23120	11
23136	9
23152	15
23168	8
23184	15
23200	9
23216	9
23232	7
23248	14
23264	11
23280	12
23296	13
23312	8
23328	6
23344	7
23360	11
23376	8
23392	11
23408	13
23424	13
23440	8
23456	12
23472	8
23488	10
23504	8
23520	17
23536	11
23552	6
23568	9
23584	6
23600	7
23616	10
23632	10
23648	13
23664	10
23680	5
23696	9
23712	7
23728	15
23744	8
23760	11
23776	11
23792	8
23808	6
23824	7
23840	8
23856	15
23872	12
23888	10
23904	3
23920	2
23936	7
23952	8
23968	10
23984	14
24000	10
24016	5
24032	3
24048	9
24064	11
24080	11
24096	9
24112	11
24128	13
24144	6
24160	8
24176	12
24192	6
24208	14
24224	5
24240	11
24256	4
24272	7
24288	9
24304	6
24320	5
24336	8
24352	9
24368	8
24384	10
24400	10
24416	8
24432	9
24448	11
24464	6
24480	10
24496	9
24512	11
24528	8
24544	9
24560	6
24576	5
24592	6
24608	17
24624	7
24640	8
24656	6
24672	6
24688	10
24704	12
24720	3
24736	11
24752	6
24768	17
24784	5
24800	6
24816	5
24832	4
24848	10
24864	5
24880	5
24896	9
24912	7
24928	8
24944	8
24960	5
24976	9
24992	9
25008	6
25024	9
25040	8
25056	7
25072	7
25088	7
25104	9
25120	7
25136	1
25152	9
25168	5
25184	6
25200	8
25216	6
25232	8
25248	8
25264	7
25280	5
25296	4
25312	9
25328	4
25344	3
25360	5
25376	9
25392	10
25408	5
25424	7
25440	8
25456	13
25472	5
25488	8
25504	7
25520	9
25536	7
25552	6
25568	8
25584	9
25600	6
25616	6
25632	6
25648	7
25664	5
25680	6
25696	10
25712	6
25728	3
25744	10
25760	6
25776	3
25792	4
25824	5
25840	9
25856	7
25872	5
25888	6
25904	5
25920	4
25936	4
25952	4
25968	4
25984	6
26000	6
26016	6
26032	5
26048	8
26064	5
26080	2
26096	4
26112	8
26128	6
26144	2
26160	9
26176	8
26192	2
26208	9
26224	7
26240	3
26256	3
26272	6
26288	9
26304	1
26320	8
26336	3
26352	9
26368	5
26384	3
26400	3
26416	3
26432	3
26448	6
26464	3
26480	6
26496	5
26512	4
26528	4
26544	8
26560	4
26576	3
26592	2
26608	5
26624	4
26640	4
26656	5
26672	5
26688	3
26704	6
26720	6
26736	4
26752	9
26768	5
26784	5
26800	10
26816	3
26832	6
26848	4
26864	6
26880	4
26896	2
26912	4
26928	5
26944	5
26960	6
26976	4
26992	2
27008	4
27024	1
27040	6
27056	1
27072	4
27088	3
27104	3
27120	5
27136	2
27152	3
27168	6
27184	5
27200	2
27216	7
27232	6
27248	5
27264	3
27280	7
27296	3
27312	6
27328	2
27344	4
27360	1
27376	5
27392	4
27408	5
27424	8
27440	4
27456	5
27472	4
27488	2
27504	3
27520	3
27536	3
27552	4
27568	7
27584	7
27600	3
27616	4
27632	1
27648	2
27664	2
27680	6
27696	1
27712	4
27728	1
27744	3
27760	5
27776	9
27792	3
27808	6
27824	4
27840	3
27856	4
27872	7
27888	1
27904	5
27920	3
27936	7
27952	6
27968	5
27984	7
28016	4
28032	4
28048	5
28064	1
28080	8
28096	2
28112	4
28128	7
28144	4
28160	1
28176	7
28192	3
28208	3
28224	4
28240	4
28256	4
28272	5
28288	2
28304	5
28320	6
28336	8
28352	1
28368	3
28384	2
28400	3
28416	4
28432	3
28448	6
28464	2
28480	4
28496	5
28512	1
28528	1
28544	5
28560	2
28576	2
28592	5
28608	2
28624	7
28640	4
28656	4
28672	3
28688	5
28704	3
28720	4
28736	3
28752	7
28768	4
28784	2
28800	2
28816	4
28832	3
28848	2
28864	3
28880	1
28896	4
28912	2
28928	2
28944	4
28960	5
28976	7
28992	3
29008	2
29024	1
29040	1
29056	2
29072	6
29088	2
29104	1
29120	2
29136	6
29152	5
29168	5
29184	2
29200	3
29216	3
29232	6
29248	2
29264	4
29280	2
29312	5
29328	1
29344	2
29360	2
29376	1
29392	2
29408	1
29424	4
29440	2
29456	1
29472	5
29488	2
29504	1
29520	6
29536	4
29552	2
29568	2
29584	4
29600	3
29616	2
29632	5
29648	6
29664	5
29680	1
29696	2
29712	4
29728	2
29744	3
29760	7
29776	2
29792	2
29808	5
29824	3
29840	3
29856	2
29872	3
29888	3
29904	3
29920	1
29936	4
29952	1
29968	1
29984	4
30000	2
30016	3
30032	3
30048	5
30064	1
30080	8
30096	2
30112	2
30128	2
30144	6
30160	3
30176	5
30192	3
30208	2
30224	5
30240	2
30256	2
30272	1
30288	3
30304	2
30320	1
30352	6
30368	6
30384	2
30400	3
30416	1
30432	2
30448	4
30464	3
30512	1
30528	2
30560	1
30576	1
30592	3
30608	2
30624	1
30640	2
30656	1
30672	2
30688	1
30704	2
30720	5
30736	1
30752	3
30768	5
30784	2
30800	1
30816	1
30832	1
30864	3
30880	3
30896	3
30912	4
30928	4
30944	3
30960	1
31008	4
31024	1
31040	1
31056	1
31072	4
31088	3
31104	5
31120	1
31136	2
31168	1
31184	3
31200	3
31216	5
31232	4
31248	2
31264	1
31280	1
31296	3
31312	1
31328	3
31344	1
31360	4
31376	2
31392	3
31408	1
31424	2
31440	2
31472	3
31488	1
31504	2
31536	3
31552	2
31568	3
31584	2
31600	3
31616	3
31632	3
31648	4
31664	5
31680	2
31696	2
31712	3
31728	1
31744	4
31760	2
31776	3
31792	2
31808	2
31824	4
31840	5
31856	3
31872	2
31888	4
31904	2
31920	1
31936	1
31968	5
31984	1
32000	4
32032	1
32048	1
32064	3
32080	3
32112	3
32128	2
32144	4
32160	3
32176	5
32192	4
32208	3
32224	1
32256	1
32272	4
32288	2
32320	1
32336	3
32352	1
32384	2
32400	1
32416	2
32432	2
32448	3
32496	1
32512	1
32528	1
32544	2
32560	1
32608	3
32688	1
32704	1
32720	1
32736	1
32752	17
