# LEFT channel histogram (bin size: 16)
# Value	Count
-32768	4
-32720	1
-32704	1
-32672	1
-32656	1
-32608	2
-32592	3
-32576	2
-32560	2
-32528	1
-32512	3
-32496	2
-32480	1
-32464	3
-32448	1
-32432	3
-32416	1
-32400	2
-32384	3
-32368	2
-32352	3
-32336	3
-32320	2
-32304	2
-32288	3
-32272	3
-32256	4
-32240	4
-32224	4
-32208	4
-32192	3
-32176	7
-32160	2
-32144	6
-32128	2
-32096	2
-32080	4
-32064	5
-32048	2
-32032	3
-32016	4
-32000	3
-31984	2
-31968	6
-31952	1
-31936	3
-31920	2
-31904	1
-31888	2
-31872	4
-31856	4
-31840	3
-31824	3
-31808	2
-31792	4
-31776	3
-31744	1
-31728	2
-31712	4
-31696	1
-31680	3
-31664	5
-31648	5
-31632	5
-31600	3
-31584	3
-31568	2
-31552	2
-31536	1
-31520	2
-31504	3
-31488	6
-31456	3
-31440	5
-31424	2
-31408	5
-31392	5
-31376	4
-31360	3
-31344	4
-31328	2
-31312	2
-31296	5
-31280	2
-31232	4
-31216	1
-31200	1
-31184	1
-31168	2
-31152	8
-31136	3
-31120	3
-31104	4
-31088	4
-31072	6
-31056	2
-31040	3
-31024	1
-31008	2
-30992	1
-30976	1
-30960	4
-30944	5
-30928	4
-30912	3
-30880	3
-30864	4
-30832	3
-30816	3
-30800	4
-30768	3
-30752	3
-30736	3
-30720	5
-30688	4
-30672	1
-30656	1
-30640	3
-30624	3
-30608	6
-30592	3
-30560	3
-30544	2
-30528	2
-30512	5
-30496	7
-30480	2
-30464	3
-30448	3
-30432	2
-30416	6
-30400	2
-30384	1
-30368	1
-30352	7
-30336	4
-30320	4
-30304	3
-30288	3
-30272	1
-30256	3
-30240	6
-30224	6
-30208	7
-30192	4
-30176	7
-30160	3
-30144	4
-30128	3
-30096	4
-30080	4
-30064	8
-30048	1
-30032	2
-30016	2
-30000	2
-29984	6
-29968	2
-29952	5
-29936	2
-29920	2
-29904	7
-29888	5
-29872	3
-29856	1
-29840	4
-29824	2
-29808	2
-29792	3
-29776	7
-29760	5
-29744	3
-29728	5
-29712	7
-29696	2
-29680	8
-29664	11
-29648	4
-29632	5
-29616	3
-29600	5
-29584	1
-29568	1
-29552	3
-29536	4
-29520	2
-29488	2
-29472	6
-29456	7
-29440	2
-29424	2
-29408	2
-29392	2
-29376	7
-29360	1
-29344	1
-29328	9
-29312	1
-29296	2
-29280	11
-29264	6
-29248	3
-29232	6
-29216	6
-29200	2
-29184	3
-29168	1
-29152	3
-29136	7
-29120	6
-29104	3
-29088	3
-29072	6
-29056	6
-29040	1
-29024	6
-29008	8
-28992	7
-28976	2
-28960	1
-28944	4
-28928	3
-28912	3
-28896	4
-28880	4
-28864	1
-28848	3
-28832	7
-28816	4
-28800	4
-28784	8
-28768	6
-28752	2
-28736	5
-28720	2
-28704	3
-28688	4
-28672	4
-28656	4
-28640	2
-28624	2
-28608	6
-28592	4
-28576	1
-28560	4
-28544	5
-28528	2
-28512	3
-28496	4
-28480	6
-28464	3
-28448	2
-28432	6
-28416	3
-28400	2
-28384	4
-28368	2
-28352	7
-28336	4
-28320	7
-28304	4
-28288	7
-28272	4
-28256	5
-28240	3
-28224	4
-28208	2
-28192	3
-28176	4
-28160	6
-28144	4
-28128	3
-28112	5
-28096	3
-28080	6
-28064	5
-28048	3
-28032	7
-28016	3
-28000	2
-27984	5
-27968	4
-27952	5
-27936	2
-27920	5
-27904	7
-27888	7
-27872	5
-27856	6
-27840	4
-27824	3
-27808	5
-27792	4
-27776	9
-27760	3
-27744	4
-27728	2
-27712	4
-27696	10
-27680	2
-27664	2
-27648	5
-27632	5
-27616	7
-27600	5
-27584	6
-27568	6
-27552	8
-27536	7
-27520	5
-27504	5
-27488	4
-27472	5
-27456	3
-27440	9
-27424	6
-27408	7
-27392	3
-27376	6
-27360	5
-27344	5
-27328	6
-27312	5
-27296	6
-27280	3
-27264	4
-27248	7
-27232	4
-27216	3
-27200	6
-27184	5
-27168	7
-27152	3
-27136	1
-27120	4
-27104	2
-27088	4
-27072	5
-27056	5
-27040	4
-27024	3
-27008	5
-26992	3
-26976	7
-26960	4
-26944	3
-26928	5
-26912	7
-26896	3
-26880	4
-26864	4
-26848	9
-26832	6
-26816	6
-26800	8
-26784	6
-26768	4
-26752	11
-26736	6
-26720	7
-26704	7
-26688	7
-26672	5
-26656	7
-26640	5
-26624	5
-26608	7
-26592	6
-26576	6
-26560	8
-26544	3
-26528	4
-26512	7
-26496	6
-26480	5
-26464	3
-26448	8
-26432	5
-26416	6
-26400	3
-26384	2
-26368	8
-26352	8
-26336	5
-26320	5
-26304	2
-26288	5
-26272	3
-26256	5
-26240	13
-26224	6
-26208	5
-26192	6
-26176	9
-26160	8
-26144	7
-26128	5
-26112	8
-26096	2
-26080	11
-26064	5
-26048	4
-26032	5
-26016	7
-26000	7
-25984	6
-25968	4
-25952	5
-25936	7
-25920	8
-25904	10
-25888	9
-25872	1
-25856	9
-25840	7
-25824	9
-25808	12
-25792	8
-25776	8
-25760	6
-25744	3
-25728	13
-25712	1
-25696	7
-25680	11
-25664	7
-25648	8
-25632	1
-25616	6
-25600	9
-25584	5
-25568	6
-25552	10
-25536	12
-25520	8
-25504	6
-25488	8
-25472	5
-25456	10
-25440	7
-25424	9
-25408	6
-25392	5
-25376	5
-25360	10
-25344	6
-25328	7
-25312	5
-25296	7
-25280	11
-25264	11
-25248	7
-25232	7
-25216	5
-25200	13
-25184	2
-25168	8
-25152	7
-25136	9
-25120	7
-25104	5
-25088	8
-25072	11
-25056	6
-25040	12
-25024	3
-25008	9
-24992	12
-24976	6
-24960	7
-24944	6
-24928	10
-24912	12
-24896	6
-24880	9
-24864	6
-24848	9
-24832	9
-24816	7
-24800	8
-24784	8
-24768	5
-24752	5
-24736	8
-24720	10
-24704	8
-24688	7
-24672	8
-24656	13
-24640	14
-24624	10
-24608	12
-24592	7
-24576	6
-24560	10
-24544	11
-24528	10
-24512	9
-24496	9
-24480	12
-24464	9
-24448	11
-24432	7
-24416	9
-24400	9
-24384	8
-24368	6
-24352	9
-24336	7
-24304	8
-24288	8
-24272	11
-24256	5
-24240	7
-24224	6
-24208	15
-24192	8
-24176	6
-24160	9
-24144	7
-24128	15
-24112	10
-24096	4
-24080	13
-24064	7
-24048	11
-24032	12
-24016	7
-24000	9
-23984	15
-23968	10
-23952	11
-23936	9
-23920	11
-23904	4
-23888	10
-23872	11
-23856	5
-23840	13
-23824	16
-23808	11
-23792	12
-23776	6
-23760	17
-23744	7
-23728	10
-23712	17
-23696	13
-23680	7
-23664	8
-23648	9
-23632	13
-23616	15
-23600	7
-23584	17
-23568	18
-23552	18
-23536	13
-23520	9
-23504	20
-23488	12
-23472	16
-23456	10
-23440	13
-23424	9
-23408	21
-23392	7
-23376	16
-23360	15
-23344	16
-23328	14
-23312	12
-23296	11
-23280	11
-23264	9
-23248	16
-23232	15
-23216	11
-23200	12
-23184	14
-23168	14
-23152	13
-23136	8
-23120	5
-23104	9
-23088	14
-23072	11
-23056	12
-23040	9
-23024	12
-23008	20
-22992	10
-22976	13
-22960	15
-22944	6
-22928	17
-22912	17
-22896	9
-22880	10
-22864	14
-22848	10
-22832	14
-22816	12
-22800	11
-22784	16
-22768	8
-22752	10
-22736	12
-22720	9
-22704	13
-22688	16
-22672	11
-22656	7
-22640	19
-22624	19
-22608	12
-22592	22
-22576	14
-22560	22
-22544	24
-22528	16
-22512	9
-22496	21
-22480	7
-22464	11
-22448	10
-22432	15
-22416	11
-22400	12
-22384	14
-22368	18
-22352	21
-22336	23
-22320	14
-22304	20
-22288	15
-22272	16
-22256	15
-22240	13
-22224	13
-22208	16
-22192	17
-22176	14
-22160	14
-22144	6
-22128	18
-22112	11
-22096	20
-22080	17
-22064	18
-22048	17
-22032	14
-22016	17
-22000	22
-21984	19
-21968	25
-21952	25
-21936	19
-21920	12
-21904	20
-21888	13
-21872	12
-21856	21
-21840	16
-21824	19
-21808	21
-21792	23
-21776	23
-21760	20
-21744	11
-21728	24
-21712	10
-21696	19
-21680	23
-21664	13
-21648	18
-21632	14
-21616	19
-21600	20
-21584	14
-21568	18
-21552	20
-21536	19
-21520	19
-21504	17
-21488	21
-21472	14
-21456	20
-21440	15
-21424	14
-21408	19
-21392	15
-21376	22
-21360	18
-21344	18
-21328	20
-21312	17
-21296	21
-21280	11
-21264	26
-21248	22
-21232	18
-21216	19
-21200	22
-21184	16
-21168	27
-21152	13
-21136	21
-21120	21
-21104	20
-21088	20
-21072	17
-21056	32
-21040	31
-21024	21
-21008	15
-20992	21
-20976	28
-20960	20
-20944	24
-20928	19
-20912	21
-20896	19
-20880	22
-20864	20
-20848	17
-20832	15
-20816	25
-20800	27
-20784	26
-20768	15
-20752	20
-20736	23
-20720	22
-20704	23
-20688	24
-20672	20
-20656	21
-20640	17
-20624	21
-20608	20
-20592	24
-20576	30
-20560	19
-20544	25
-20528	29
-20512	21
-20496	34
-20480	23
-20464	19
-20448	32
-20432	25
-20416	17
-20400	26
-20384	17
-20368	22
-20352	26
-20336	37
-20320	22
-20304	24
-20288	20
-20272	25
-20256	24
-20240	30
-20224	26
-20208	34
-20192	19
-20176	25
-20160	23
-20144	22
-20128	26
-20112	31
-20096	21
-20080	25
-20064	30
-20048	31
-20032	33
-20016	36
-20000	34
-19984	30
-19968	25
-19952	22
-19936	24
-19920	36
-19904	24
-19888	31
-19872	22
-19856	31
-19840	38
-19824	44
-19808	27
-19792	27
-19776	20
-19760	21
-19744	29
-19728	22
-19712	36
-19696	19
-19680	29
-19664	29
-19648	37
-19632	28
-19616	20
-19600	27
-19584	30
-19568	27
-19552	30
-19536	29
-19520	32
-19504	42
-19488	29
-19472	25
-19456	28
-19440	24
-19424	22
-19408	23
-19392	24
-19376	38
-19360	23
-19344	26
-19328	33
-19312	17
-19296	33
-19280	32
-19264	35
-19248	29
-19232	29
-19216	46
-19200	30
-19184	32
-19168	25
-19152	38
-19136	33
-19120	19
-19104	24
-19088	40
-19072	33
-19056	27
-19040	34
-19024	38
-19008	25
-18992	27
-18976	44
-18960	32
-18944	43
-18928	26
-18912	33
-18896	39
-18880	34
-18864	36
-18848	26
-18832	33
-18816	27
-18800	33
-18784	43
-18768	47
-18752	32
-18736	31
-18720	44
-18704	39
-18688	44
-18672	39
-18656	28
-18640	35
-18624	42
-18608	42
-18592	45
-18576	38
-18560	39
-18544	37
-18528	41
-18512	39
-18496	32
-18480	31
-18464	45
-18448	42
-18432	37
-18416	41
-18400	43
-18384	28
-18368	29
-18352	30
-18336	39
-18320	46
-18304	32
-18288	40
-18272	43
-18256	42
-18240	31
-18224	34
-18208	34
-18192	50
-18176	38
-18160	40
-18144	46
-18128	44
-18112	38
-18096	45
-18080	46
-18064	34
-18048	42
-18032	41
-18016	40
-18000	46
-17984	44
-17968	38
-17952	39
-17936	40
-17920	40
-17904	48
-17888	39
-17872	43
-17856	43
-17840	30
-17824	47
-17808	39
-17792	47
-17776	41
-17760	52
-17744	48
-17728	36
-17712	45
-17696	46
-17680	47
-17664	47
-17648	54
-17632	34
-17616	53
-17600	47
-17584	47
-17568	44
-17552	41
-17536	42
-17520	50
-17504	44
-17488	37
-17472	44
-17456	43
-17440	42
-17424	44
-17408	50
-17392	42
-17376	51
-17360	42
-17344	46
-17328	55
-17312	62
-17296	54
-17280	47
-17264	39
-17248	40
-17232	43
-17216	53
-17200	53
-17184	47
-17168	42
-17152	49
-17136	47
-17120	45
-17104	72
-17088	46
-17072	61
-17056	37
-17040	54
-17024	43
-17008	49
-16992	44
-16976	49
-16960	50
-16944	72
-16928	58
-16912	43
-16896	58
-16880	59
-16864	56
-16848	55
-16832	44
-16816	44
-16800	63
-16784	61
-16768	50
-16752	47
-16736	54
-16720	58
-16704	50
-16688	42
-16672	59
-16656	63
-16640	45
-16624	48
-16608	43
-16592	61
-16576	63
-16560	67
-16544	53
-16528	53
-16512	60
-16496	63
-16480	65
-16464	51
-16448	57
-16432	52
-16416	55
-16400	57
-16384	63
-16368	49
-16352	54
-16336	53
-16320	47
-16304	58
-16288	47
-16272	61
-16256	57
-16240	46
-16224	63
-16208	65
-16192	54
-16176	71
-16160	62
-16144	47
-16128	62
-16112	67
-16096	60
-16080	82
-16064	68
-16048	59
-16032	63
-16016	62
-16000	72
-15984	57
-15968	68
-15952	64
-15936	61
-15920	66
-15904	64
-15888	79
-15872	63
-15856	70
-15840	67
-15824	55
-15808	58
-15792	66
-15776	66
-15760	65
-15744	66
-15728	61
-15712	62
-15696	55
-15680	58
-15664	54
-15648	68
-15632	71
-15616	67
-15600	59
-15584	82
-15568	64
-15552	68
-15536	64
-15520	56
-15504	72
-15488	73
-15472	75
-15456	67
-15440	71
-15424	82
-15408	87
-15392	67
-15376	63
-15360	57
-15344	63
-15328	70
-15312	71
-15296	66
-15280	59
-15264	63
-15248	67
-15232	80
-15216	69
-15200	83
-15184	82
-15168	71
-15152	70
-15136	80
-15120	90
-15104	73
-15088	64
-15072	77
-15056	84
-15040	75
-15024	59
-15008	79
-14992	70
-14976	82
-14960	82
-14944	69
-14928	79
-14912	81
-14896	87
-14880	82
-14864	77
-14848	62
-14832	82
-14816	75
-14800	80
-14784	90
-14768	76
-14752	82
-14736	81
-14720	78
-14704	79
-14688	82
-14672	84
-14656	74
-14640	79
-14624	79
-14608	74
-14592	91
-14576	80
-14560	87
-14544	88
-14528	88
-14512	83
-14496	92
-14480	80
-14464	100
-14448	78
-14432	83
-14416	87
-14400	93
-14384	83
-14368	90
-14352	100
-14336	90
-14320	95
-14304	90
-14288	90
-14272	78
-14256	87
-14240	93
-14224	83
-14208	79
-14192	88
-14176	105
-14160	89
-14144	102
-14128	94
-14112	85
-14096	104
-14080	98
-14064	71
-14048	84
-14032	105
-14016	82
-14000	111
-13984	78
-13968	96
-13952	97
-13936	102
-13920	90
-13904	91
-13888	90
-13872	95
-13856	112
-13840	111
-13824	91
-13808	101
-13792	104
-13776	105
-13760	96
-13744	83
-13728	108
-13712	92
-13696	114
-13680	82
-13664	78
-13648	83
-13632	108
-13616	110
-13600	118
-13584	82
-13568	112
-13552	101
-13536	112
-13520	108
-13504	103
-13488	103
-13472	119
-13456	97
-13440	122
-13424	99
-13408	93
-13392	98
-13376	111
-13360	113
-13344	117
-13328	105
-13312	106
-13296	106
-13280	108
-13264	97
-13248	109
-13232	89
-13216	92
-13200	103
-13184	97
-13168	127
-13152	104
-13136	123
-13120	124
-13104	102
-13088	116
-13072	112
-13056	119
-13040	111
-13024	118
-13008	106
-12992	116
-12976	100
-12960	103
-12944	117
-12928	115
-12912	99
-12896	111
-12880	125
-12864	118
-12848	108
-12832	122
-12816	120
-12800	122
-12784	124
-12768	104
-12752	115
-12736	118
-12720	138
-12704	132
-12688	116
-12672	137
-12656	106
-12640	123
-12624	84
-12608	127
-12592	131
-12576	104
-12560	125
-12544	120
-12528	122
-12512	137
-12496	138
-12480	130
-12464	116
-12448	129
-12432	142
-12416	122
-12400	107
-12384	128
-12368	133
-12352	137
-12336	155
-12320	130
-12304	131
-12288	143
-12272	161
-12256	136
-12240	130
-12224	139
-12208	122
-12192	136
-12176	121
-12160	138
-12144	134
-12128	111
-12112	112
-12096	136
-12080	133
-12064	129
-12048	125
-12032	153
-12016	125
-12000	134
-11984	120
-11968	143
-11952	123
-11936	127
-11920	142
-11904	133
-11888	130
-11872	151
-11856	140
-11840	145
-11824	138
-11808	132
-11792	128
-11776	118
-11760	139
-11744	154
-11728	131
-11712	178
-11696	150
-11680	161
-11664	158
-11648	146
-11632	139
-11616	131
-11600	143
-11584	124
-11568	127
-11552	154
-11536	148
-11520	147
-11504	147
-11488	156
-11472	145
-11456	124
-11440	149
-11424	139
-11408	141
-11392	155
-11376	133
-11360	155
-11344	148
-11328	141
-11312	136
-11296	146
-11280	136
-11264	167
-11248	152
-11232	151
-11216	136
-11200	154
-11184	163
-11168	173
-11152	150
-11136	154
-11120	150
-11104	164
-11088	145
-11072	159
-11056	170
-11040	171
-11024	154
-11008	160
-10992	155
-10976	173
-10960	171
-10944	131
-10928	169
-10912	164
-10896	175
-10880	153
-10864	169
-10848	162
-10832	162
-10816	159
-10800	169
-10784	165
-10768	169
-10752	184
-10736	170
-10720	180
-10704	153
-10688	170
-10672	166
-10656	149
-10640	176
-10624	188
-10608	186
-10592	185
-10576	191
-10560	179
-10544	171
-10528	171
-10512	197
-10496	158
-10480	204
-10464	192
-10448	190
-10432	173
-10416	158
-10400	180
-10384	168
-10368	176
-10352	175
-10336	191
-10320	186
-10304	182
-10288	179
-10272	176
-10256	200
-10240	187
-10224	198
-10208	156
-10192	178
-10176	192
-10160	180
-10144	190
-10128	186
-10112	170
-10096	172
-10080	181
-10064	206
-10048	199
-10032	182
-10016	191
-10000	190
-9984	174
-9968	200
-9952	194
-9936	191
-9920	182
-9904	187
-9888	187
-9872	204
-9856	219
-9840	181
-9824	192
-9808	217
-9792	182
-9776	225
-9760	216
-9744	173
-9728	196
-9712	196
-9696	206
-9680	182
-9664	195
-9648	215
-9632	189
-9616	192
-9600	209
-9584	210
-9568	203
-9552	189
-9536	197
-9520	193
-9504	195
-9488	192
-9472	207
-9456	210
-9440	230
-9424	189
-9408	214
-9392	236
-9376	203
-9360	231
-9344	231
-9328	208
-9312	216
-9296	223
-9280	215
-9264	209
-9248	191
-9232	210
-9216	198
-9200	201
-9184	214
-9168	207
-9152	201
-9136	206
-9120	198
-9104	204
-9088	201
-9072	199
-9056	208
-9040	219
-9024	238
-9008	223
-8992	215
-8976	206
-8960	232
-8944	211
-8928	191
-8912	240
-8896	204
-8880	174
-8864	228
-8848	256
-8832	215
-8816	218
-8800	236
-8784	226
-8768	247
-8752	236
-8736	197
-8720	228
-8704	241
-8688	250
-8672	190
-8656	258
-8640	215
-8624	269
-8608	236
-8592	247
-8576	247
-8560	233
-8544	238
-8528	252
-8512	237
-8496	216
-8480	239
-8464	210
-8448	220
-8432	237
-8416	227
-8400	245
-8384	237
-8368	231
-8352	250
-8336	242
-8320	229
-8304	230
-8288	261
-8272	242
-8256	251
-8240	240
-8224	239
-8208	248
-8192	213
-8176	233
-8160	245
-8144	234
-8128	242
-8112	266
-8096	244
-8080	279
-8064	247
-8048	241
-8032	245
-8016	259
-8000	263
-7984	232
-7968	260
-7952	250
-7936	257
-7920	241
-7904	248
-7888	284
-7872	264
-7856	289
-7840	240
-7824	252
-7808	246
-7792	252
-7776	270
-7760	260
-7744	278
-7728	266
-7712	254
-7696	242
-7680	251
-7664	236
-7648	257
-7632	253
-7616	282
-7600	281
-7584	261
-7568	250
-7552	255
-7536	286
-7520	261
-7504	249
-7488	243
-7472	270
-7456	264
-7440	256
-7424	272
-7408	241
-7392	262
-7376	271
-7360	274
-7344	277
-7328	254
-7312	282
-7296	294
-7280	276
-7264	257
-7248	259
-7232	273
-7216	285
-7200	297
-7184	276
-7168	281
-7152	247
-7136	273
-7120	268
-7104	293
-7088	285
-7072	266
-7056	298
-7040	231
-7024	258
-7008	256
-6992	275
-6976	267
-6960	273
-6944	299
-6928	278
-6912	308
-6896	282
-6880	299
-6864	305
-6848	288
-6832	274
-6816	287
-6800	286
-6784	273
-6768	297
-6752	302
-6736	310
-6720	293
-6704	293
-6688	320
-6672	283
-6656	278
-6640	267
-6624	329
-6608	289
-6592	250
-6576	297
-6560	285
-6544	238
-6528	276
-6512	290
-6496	296
-6480	285
-6464	274
-6448	279
-6432	299
-6416	288
-6400	290
-6384	297
-6368	280
-6352	280
-6336	305
-6320	308
-6304	306
-6288	317
-6272	244
-6256	285
-6240	289
-6224	263
-6208	304
-6192	279
-6176	323
-6160	324
-6144	304
-6128	273
-6112	322
-6096	302
-6080	313
-6064	309
-6048	306
-6032	300
-6016	294
-6000	318
-5984	337
-5968	284
-5952	291
-5936	309
-5920	308
-5904	304
-5888	302
-5872	323
-5856	335
-5840	348
-5824	333
-5808	298
-5792	335
-5776	317
-5760	320
-5744	329
-5728	342
-5712	308
-5696	335
-5680	317
-5664	305
-5648	348
-5632	346
-5616	308
-5600	319
-5584	331
-5568	324
-5552	314
-5536	335
-5520	355
-5504	320
-5488	328
-5472	363
-5456	325
-5440	307
-5424	353
-5408	362
-5392	289
-5376	330
-5360	324
-5344	334
-5328	373
-5312	349
-5296	331
-5280	289
-5264	324
-5248	353
-5232	319
-5216	359
-5200	336
-5184	359
-5168	323
-5152	332
-5136	327
-5120	327
-5104	353
-5088	331
-5072	347
-5056	326
-5040	337
-5024	340
-5008	376
-4992	319
-4976	361
-4960	326
-4944	317
-4928	329
-4912	355
-4896	328
-4880	322
-4864	350
-4848	345
-4832	336
-4816	312
-4800	347
-4784	337
-4768	328
-4752	317
-4736	356
-4720	354
-4704	356
-4688	343
-4672	325
-4656	341
-4640	343
-4624	351
-4608	359
-4592	384
-4576	317
-4560	331
-4544	327
-4528	350
-4512	365
-4496	328
-4480	324
-4464	355
-4448	382
-4432	363
-4416	344
-4400	307
-4384	358
-4368	376
-4352	345
-4336	355
-4320	363
-4304	359
-4288	351
-4272	348
-4256	347
-4240	367
-4224	370
-4208	324
-4192	335
-4176	348
-4160	369
-4144	323
-4128	377
-4112	367
-4096	362
-4080	367
-4064	351
-4048	347
-4032	388
-4016	399
-4000	369
-3984	359
-3968	364
-3952	356
-3936	331
-3920	343
-3904	333
-3888	351
-3872	368
-3856	323
-3840	345
-3824	352
-3808	345
-3792	353
-3776	380
-3760	369
-3744	363
-3728	362
-3712	368
-3696	353
-3680	384
-3664	374
-3648	342
-3632	340
-3616	359
-3600	333
-3584	360
-3568	351
-3552	386
-3536	390
-3520	345
-3504	387
-3488	338
-3472	357
-3456	337
-3440	400
-3424	352
-3408	356
-3392	374
-3376	378
-3360	344
-3344	359
-3328	391
-3312	372
-3296	370
-3280	327
-3264	369
-3248	380
-3232	397
-3216	363
-3200	326
-3184	385
-3168	372
-3152	363
-3136	366
-3120	377
-3104	383
-3088	376
-3072	390
-3056	397
-3040	359
-3024	376
-3008	387
-2992	385
-2976	374
-2960	380
-2944	368
-2928	329
-2912	370
-2896	387
-2880	393
-2864	385
-2848	362
-2832	390
-2816	387
-2800	345
-2784	394
-2768	387
-2752	360
-2736	388
-2720	370
-2704	339
-2688	388
-2672	366
-2656	366
-2640	384
-2624	352
-2608	374
-2592	369
-2576	382
-2560	386
-2544	336
-2528	386
-2512	391
-2496	383
-2480	393
-2464	389
-2448	406
-2432	361
-2416	367
-2400	373
-2384	402
-2368	392
-2352	396
-2336	397
-2320	413
-2304	365
-2288	411
-2272	409
-2256	388
-2240	416
-2224	403
-2208	354
-2192	354
-2176	412
-2160	428
-2144	381
-2128	411
-2112	389
-2096	388
-2080	397
-2064	411
-2048	379
-2032	436
-2016	390
-2000	368
-1984	369
-1968	407
-1952	410
-1936	375
-1920	398
-1904	409
-1888	348
-1872	409
-1856	374
-1840	361
-1824	400
-1808	381
-1792	394
-1776	387
-1760	348
-1744	384
-1728	390
-1712	357
-1696	377
-1680	387
-1664	379
-1648	428
-1632	391
-1616	442
-1600	408
-1584	413
-1568	391
-1552	395
-1536	428
-1520	428
-1504	401
-1488	373
-1472	396
-1456	435
-1440	403
-1424	408
-1408	369
-1392	399
-1376	403
-1360	408
-1344	393
-1328	390
-1312	383
-1296	413
-1280	391
-1264	418
-1248	391
-1232	389
-1216	371
-1200	436
-1184	363
-1168	377
-1152	438
-1136	399
-1120	420
-1104	406
-1088	376
-1072	430
-1056	420
-1040	394
-1024	434
-1008	420
-992	418
-976	416
-960	395
-944	401
-928	417
-912	397
-896	445
-880	414
-864	391
-848	406
-832	427
-816	427
-800	422
-784	430
-768	414
-752	383
-736	434
-720	399
-704	417
-688	392
-672	399
-656	389
-640	409
-624	361
-608	391
-592	424
-576	412
-560	418
-544	417
-528	395
-512	421
-496	381
-480	440
-464	388
-448	423
-432	403
-416	388
-400	452
-384	400
-368	436
-352	359
-336	396
-320	384
-304	388
-288	384
-272	427
-256	425
-240	439
-224	429
-208	401
-192	395
-176	411
-160	423
-144	419
-128	418
-112	418
-96	407
-80	415
-64	401
-48	393
-32	425
-16	425
0	747
16	400
32	434
48	414
64	400
80	382
96	409
112	437
128	381
144	393
160	399
176	404
192	392
208	408
224	372
240	433
256	445
272	439
288	405
304	410
320	437
336	392
352	418
368	416
384	383
400	379
416	432
432	429
448	382
464	376
480	449
496	423
512	423
528	419
544	403
560	404
576	357
592	393
608	406
624	406
640	426
656	379
672	415
688	382
704	410
720	383
736	390
752	402
768	405
784	409
800	385
816	396
832	429
848	384
864	395
880	388
896	404
912	396
928	407
944	439
960	440
976	387
992	415
1008	359
1024	423
1040	408
1056	385
1072	377
1088	386
1104	417
1120	372
1136	411
1152	398
1168	404
1184	409
1200	393
1216	421
1232	413
1248	377
1264	396
1280	425
1296	383
1312	374
1328	362
1344	411
1360	395
1376	419
1392	439
1408	445
1424	391
1440	426
1456	425
1472	429
1488	391
1504	381
1520	398
1536	392
1552	397
1568	413
1584	413
1600	377
1616	436
1632	411
1648	403
1664	393
1680	398
1696	413
1712	378
1728	411
1744	377
1760	380
1776	379
1792	400
1808	397
1824	395
1840	373
1856	406
1872	407
1888	373
1904	378
1920	407
1936	441
1952	388
1968	432
1984	466
2000	388
2016	401
2032	456
2048	428
2064	420
2080	399
2096	441
2112	395
2128	409
2144	388
2160	382
2176	397
2192	401
2208	393
2224	364
2240	405
2256	397
2272	332
2288	437
2304	374
2320	385
2336	429
2352	404
2368	418
2384	398
2400	382
2416	396
2432	402
2448	389
2464	400
2480	389
2496	398
2512	404
2528	373
2544	398
2560	394
2576	394
2592	373
2608	400
2624	421
2640	396
2656	399
2672	403
2688	359
2704	381
2720	383
2736	380
2752	418
2768	408
2784	365
2800	386
2816	409
2832	360
2848	403
2864	382
2880	421
2896	373
2912	365
2928	398
2944	430
2960	377
2976	359
2992	354
3008	412
3024	403
3040	377
3056	370
3072	364
3088	373
3104	407
3120	375
3136	361
3152	389
3168	397
3184	419
3200	363
3216	427
3232	361
3248	403
3264	384
3280	390
3296	379
3312	398
3328	423
3344	359
3360	361
3376	396
3392	399
3408	408
3424	396
3440	384
3456	337
3472	345
3488	366
3504	387
3520	346
3536	387
3552	334
3568	373
3584	380
3600	381
3616	371
3632	358
3648	404
3664	413
3680	376
3696	333
3712	394
3728	394
3744	383
3760	401
3776	360
3792	371
3808	361
3824	360
3840	348
3856	346
3872	380
3888	342
3904	377
3920	327
3936	361
3952	378
3968	372
3984	349
4000	365
4016	353
4032	358
4048	335
4064	358
4080	371
4096	350
4112	384
4128	379
4144	353
4160	378
4176	355
4192	388
4208	366
4224	343
4240	373
4256	363
4272	361
4288	386
4304	346
4320	356
4336	380
4352	348
4368	346
4384	350
4400	332
4416	359
4432	379
4448	357
4464	341
4480	356
4496	368
4512	340
4528	374
4544	368
4560	326
4576	340
4592	369
4608	335
4624	345
4640	365
4656	323
4672	358
4688	353
4704	361
4720	364
4736	347
4752	371
4768	342
4784	357
4800	316
4816	338
4832	324
4848	332
4864	343
4880	390
4896	313
4912	372
4928	349
4944	337
4960	323
4976	378
4992	334
5008	340
5024	341
5040	325
5056	305
5072	345
5088	327
5104	339
5120	320
5136	362
5152	334
5168	344
5184	375
5200	327
5216	327
5232	325
5248	359
5264	327
5280	359
5296	337
5312	307
5328	316
5344	362
5360	320
5376	338
5392	327
5408	336
5424	364
5440	341
5456	291
5472	314
5488	341
5504	327
5520	339
5536	308
5552	325
5568	317
5584	305
5600	348
5616	337
5632	341
5648	310
5664	331
5680	336
5696	313
5712	343
5728	358
5744	330
5760	309
5776	297
5792	349
5808	334
5824	309
5840	323
5856	325
5872	330
5888	339
5904	304
5920	319
5936	347
5952	326
5968	330
5984	308
6000	298
6016	309
6032	314
6048	323
6064	318
6080	314
6096	333
6112	304
6128	325
6144	313
6160	303
6176	323
6192	296
6208	305
6224	301
6240	307
6256	275
6272	269
6288	274
6304	297
6320	304
6336	332
6352	305
6368	281
6384	307
6400	286
6416	321
6432	278
6448	303
6464	310
6480	281
6496	308
6512	310
6528	288
6544	283
6560	291
6576	291
6592	288
6608	314
6624	276
6640	283
6656	277
6672	299
6688	293
6704	305
6720	326
6736	295
6752	270
6768	290
6784	270
6800	289
6816	282
6832	282
6848	276
6864	279
6880	295
6896	284
6912	277
6928	271
6944	300
6960	268
6976	263
6992	285
7008	293
7024	302
7040	279
7056	291
7072	276
7088	278
7104	272
7120	286
7136	261
7152	266
7168	260
7184	257
7200	281
7216	270
7232	261
7248	279
7264	283
7280	251
7296	265
7312	250
7328	295
7344	300
7360	280
7376	272
7392	259
7408	287
7424	264
7440	269
7456	264
7472	266
7488	260
7504	287
7520	276
7536	287
7552	247
7568	268
7584	287
7600	246
7616	300
7632	245
7648	237
7664	280
7680	297
7696	272
7712	252
7728	246
7744	231
7760	267
7776	259
7792	235
7808	273
7824	247
7840	268
7856	234
7872	221
7888	264
7904	251
7920	253
7936	230
7952	235
7968	288
7984	255
8000	267
8016	259
8032	249
8048	218
8064	250
8080	252
8096	235
8112	273
8128	244
8144	236
8160	234
8176	244
8192	260
8208	257
8224	239
8240	240
8256	257
8272	251
8288	232
8304	262
8320	242
8336	236
8352	256
8368	215
8384	259
8400	245
8416	252
8432	252
8448	213
8464	246
8480	246
8496	252
8512	224
8528	244
8544	219
8560	216
8576	248
8592	257
8608	240
8624	249
8640	240
8656	241
8672	240
8688	232
8704	212
8720	213
8736	245
8752	247
8768	214
8784	219
8800	225
8816	267
8832	222
8848	248
8864	203
8880	218
8896	222
8912	232
8928	206
8944	214
8960	217
8976	233
8992	227
9008	226
9024	237
9040	216
9056	212
9072	229
9088	228
9104	211
9120	223
9136	201
9152	231
9168	235
9184	211
9200	228
9216	238
9232	255
9248	242
9264	229
9280	214
9296	234
9312	212
9328	230
9344	198
9360	247
9376	225
9392	222
9408	198
9424	216
9440	238
9456	186
9472	200
9488	177
9504	246
9520	216
9536	207
9552	205
9568	212
9584	186
9600	211
9616	198
9632	182
9648	196
9664	204
9680	210
9696	190
9712	176
9728	217
9744	208
9760	193
9776	196
9792	218
9808	194
9824	200
9840	187
9856	205
9872	195
9888	196
9904	208
9920	216
9936	186
9952	210
9968	185
9984	175
10000	193
10016	199
10032	197
10048	217
10064	201
10080	180
10096	192
10112	185
10128	193
10144	173
10160	177
10176	213
10192	171
10208	201
10224	174
10240	195
10256	175
10272	210
10288	186
10304	204
10320	190
10336	189
10352	198
10368	174
10384	181
10400	195
10416	194
10432	182
10448	190
10464	180
10480	165
10496	186
10512	166
10528	171
10544	190
10560	184
10576	193
10592	166
10608	199
10624	196
10640	197
10656	187
10672	176
10688	227
10704	175
10720	179
10736	186
10752	175
10768	167
10784	160
10800	180
10816	174
10832	157
10848	179
10864	169
10880	149
10896	181
10912	180
10928	159
10944	176
10960	186
10976	148
10992	160
11008	184
11024	161
11040	152
11056	167
11072	150
11088	167
11104	172
11120	155
11136	176
11152	144
11168	174
11184	181
11200	173
11216	149
11232	166
11248	153
11264	160
11280	164
11296	175
11312	160
11328	139
11344	150
11360	130
11376	172
11392	179
11408	139
11424	156
11440	165
11456	161
11472	157
11488	143
11504	176
11520	154
11536	158
11552	167
11568	161
11584	144
11600	139
11616	162
11632	164
11648	167
11664	156
11680	152
11696	139
11712	137
11728	169
11744	156
11760	150
11776	140
11792	147
11808	142
11824	147
11840	138
11856	129
11872	139
11888	139
11904	145
11920	124
11936	115
11952	130
11968	143
11984	106
12000	148
12016	137
12032	150
12048	145
12064	140
12080	133
12096	148
12112	144
12128	145
12144	165
12160	159
12176	146
12192	144
12208	136
12224	142
12240	141
12256	150
12272	155
12288	126
12304	158
12320	149
12336	130
12352	129
12368	130
12384	137
12400	114
12416	144
12432	140
12448	142
12464	129
12480	134
12496	142
12512	128
12528	134
12544	115
12560	143
12576	147
12592	126
12608	116
12624	129
12640	126
12656	136
12672	137
12688	139
12704	129
12720	117
12736	133
12752	116
12768	130
12784	122
12800	116
12816	113
12832	115
12848	117
12864	115
12880	123
12896	119
12912	108
12928	137
12944	127
12960	98
12976	129
12992	114
13008	118
13024	114
13040	124
13056	119
13072	117
13088	110
13104	125
13120	104
13136	105
13152	98
13168	129
13184	107
13200	108
13216	125
13232	107
13248	105
13264	116
13280	104
13296	105
13312	114
13328	115
13344	107
13360	119
13376	114
13392	124
13408	105
13424	105
13440	122
13456	93
13472	98
13488	102
13504	97
13520	99
13536	107
13552	99
13568	104
13584	113
13600	114
13616	80
13632	111
13648	95
13664	81
13680	102
13696	113
13712	90
13728	83
13744	98
13760	110
13776	99
13792	105
13808	94
13824	124
13840	113
13856	92
13872	92
13888	103
13904	98
13920	100
13936	83
13952	100
13968	100
13984	103
14000	106
14016	91
14032	91
14048	94
14064	86
14080	89
14096	98
14112	86
14128	99
14144	86
14160	109
14176	77
14192	95
14208	98
14224	88
14240	103
14256	95
14272	99
14288	96
14304	90
14320	79
14336	102
14352	101
14368	78
14384	94
14400	88
14416	68
14432	87
14448	73
14464	75
14480	110
14496	90
14512	101
14528	74
14544	82
14560	104
14576	74
14592	75
14608	86
14624	112
14640	83
14656	83
14672	81
14688	82
14704	82
14720	87
14736	97
14752	94
14768	72
14784	86
14800	92
14816	74
14832	80
14848	62
14864	80
14880	90
14896	92
14912	74
14928	83
14944	63
14960	70
14976	81
14992	97
15008	85
15024	82
15040	75
15056	78
15072	75
15088	73
15104	77
15120	67
15136	55
15152	87
15168	69
15184	76
15200	65
15216	56
15232	80
15248	65
15264	67
15280	87
15296	59
15312	56
15328	83
15344	64
15360	69
15376	68
15392	66
15408	70
15424	57
15440	72
15456	83
15472	65
15488	69
15504	69
15520	60
15536	71
15552	71
15568	79
15584	72
15600	69
15616	63
15632	62
15648	51
15664	62
15680	65
15696	58
15712	56
15728	67
15744	81
15760	71
15776	55
15792	78
15808	61
15824	59
15840	56
15856	77
15872	73
15888	59
15904	56
15920	52
15936	62
15952	72
15968	52
15984	68
16000	64
16016	56
16032	54
16048	66
16064	73
16080	53
16096	55
16112	59
16128	59
16144	56
16160	44
16176	54
16192	59
16208	48
16224	46
16240	58
16256	49
16272	49
16288	66
16304	46
16320	45
16336	50
16352	62
16368	50
16384	67
16400	58
16416	51
16432	52
16448	61
16464	48
16480	43
16496	60
16512	60
16528	60
16544	61
16560	55
16576	53
16592	51
16608	45
16624	54
16640	46
16656	66
16672	52
16688	46
16704	50
16720	52
16736	40
16752	43
16768	57
16784	49
16800	56
16816	46
16832	52
16848	52
16864	60
16880	71
16896	49
16912	53
16928	55
16944	51
16960	43
16976	54
16992	52
17008	52
17024	53
17040	49
17056	63
17072	51
17088	48
17104	35
17120	49
17136	44
17152	56
17168	50
17184	45
17200	52
17216	49
17232	44
17248	46
17264	46
17280	56
17296	38
17312	45
17328	52
17344	47
17360	33
17376	49
17392	48
17408	51
17424	57
17440	48
17456	50
17472	47
17488	53
17504	30
17520	36
17536	42
17552	48
17568	46
17584	40
17600	42
17616	39
17632	42
17648	46
17664	48
17680	47
17696	43
17712	49
17728	27
17744	27
17760	40
17776	39
17792	41
17808	36
17824	46
17840	28
17856	29
17872	30
17888	35
17904	29
17920	38
17936	31
17952	29
17968	42
17984	41
18000	38
18016	39
18032	23
18048	38
18064	34
18080	35
18096	37
18112	44
18128	33
18144	37
18160	33
18176	38
18192	47
18208	37
18224	42
18240	51
18256	32
18272	36
18288	25
18304	32
18320	33
18336	31
18352	34
18368	44
18384	27
18400	25
18416	38
18432	40
18448	41
18464	28
18480	45
18496	32
18512	36
18528	33
18544	19
18560	36
18576	28
18592	27
18608	33
18624	37
18640	17
18656	33
18672	38
18688	26
18704	43
18720	31
18736	29
18752	38
18768	27
18784	29
18800	25
18816	31
18832	55
18848	33
18864	35
18880	44
18896	30
18912	21
18928	39
18944	23
18960	33
18976	44
18992	24
19008	21
19024	32
19040	31
19056	21
19072	22
19088	31
19104	35
19120	29
19136	24
19152	35
19168	23
19184	29
19200	29
19216	34
19232	26
19248	21
19264	27
19280	20
19296	34
19312	23
19328	29
19344	20
19360	25
19376	30
19392	23
19408	31
19424	28
19440	28
19456	30
19472	29
19488	23
19504	25
19520	23
19536	32
19552	24
19568	23
19584	22
19600	27
19616	28
19632	24
19648	18
19664	21
19680	24
19696	20
19712	21
19728	27
19744	34
19760	20
19776	19
19792	18
19808	17
19824	21
19840	34
19856	27
19872	28
19888	22
19904	22
19920	23
19936	18
19952	26
19968	19
19984	25
20000	19
20016	22
20032	20
20048	15
20064	31
20080	17
20096	30
20112	18
20128	23
20144	21
20160	23
20176	27
20192	19
20208	18
20224	22
20240	27
20256	20
20272	23
20288	19
20304	24
20320	13
20336	21
20352	28
20368	21
20384	19
20400	24
20416	20
20432	20
20448	29
20464	19
20480	25
20496	30
20512	24
20528	20
20544	21
20560	22
20576	25
20592	26
20608	14
20624	19
20640	25
20656	19
20672	25
20688	23
20704	20
20720	29
20736	16
20752	23
20768	16
20784	14
20800	18
20816	18
20832	22
20848	12
20864	21
20880	15
20896	17
20912	21
20928	24
20944	19
20960	28
20976	12
20992	16
21008	22
21024	21
21040	17
21056	17
21072	17
21088	25
21104	17
21120	13
21136	27
21152	22
21168	17
21184	19
21200	18
21216	21
21232	18
21248	18
21264	15
21280	16
21296	15
21312	16
21328	15
21344	15
21360	16
21376	20
21392	14
21408	14
21424	20
21440	18
21456	11
21472	15
21488	16
21504	16
21520	19
21536	18
21552	14
21568	18
21584	15
21600	14
21616	12
21632	21
21648	21
21664	14
21680	20
21696	16
21712	19
21728	16
21744	17
21760	11
21776	20
21792	12
21808	12
21824	10
21840	15
21856	12
21872	17
21888	28
21904	10
21920	19
21936	14
21952	12
21968	9
21984	14
22000	12
22016	18
22032	18
22048	17
22064	14
22080	17
22096	17
22112	16
22128	11
22144	8
22160	7
22176	12
22192	18
22208	12
22224	16
22240	11
22256	11
22272	22
22288	12
22304	12
22320	14
22336	17
22352	13
22368	11
22384	11
22400	10
22416	20
22432	8
22448	11
22464	6
22480	17
22496	9
22512	8
22528	11
22544	17
22560	8
22576	13
22592	12
22608	15
22624	11
22640	16
22656	11
22672	13
22688	6
22704	10
22720	11
22736	9
22752	11
22768	9
22784	6
22800	11
22816	8
22832	12
22848	15
22864	11
22880	22
22896	9
22912	13
22928	13
22944	13
22960	18
22976	12
22992	10
23008	10
23024	3
23040	10
23056	10
23072	12
23088	6
23104	11
23120	11
23136	13
23152	11
23168	7
23184	15
23200	12
23216	8
23232	11
23248	11
23264	13
23280	10
23296	12
23312	11
23328	10
23344	13
23360	14
23376	10
23392	8
23408	17
23424	9
23440	9
23456	12
23472	9
23488	10
23504	9
23520	11
23536	13
23552	10
23568	7
23584	13
23600	7
23616	11
23632	5
23648	6
23664	6
23680	7
23696	11
23712	14
23728	13
23744	11
23760	10
23776	7
23792	11
23808	7
23824	14
23840	14
23856	6
23872	9
23888	6
23904	9
23920	10
23936	9
23952	12
23968	9
23984	9
24000	8
24016	19
24032	8
24048	13
24064	8
24080	8
24096	7
24112	10
24128	6
24144	13
24160	11
24176	8
24192	5
24208	12
24224	6
24240	8
24256	5
24272	8
24288	8
24304	9
24320	13
24336	13
24352	14
24368	9
24384	8
24400	9
24416	3
24432	4
24448	10
24464	7
24480	6
24496	8
24512	6
24528	12
24544	10
24560	7
24576	10
24592	14
24608	6
24624	9
24640	6
24656	6
24672	9
24688	8
24704	8
24720	10
24736	6
24752	13
24768	7
24784	8
24800	7
24816	9
24832	9
24848	8
24864	11
24880	5
24896	13
24912	9
24928	11
24944	7
24960	5
24976	8
24992	5
25008	5
25024	7
25040	3
25056	8
25072	10
25088	11
25104	9
25120	5
25136	5
25152	8
25168	4
25184	6
25200	11
25216	5
25232	7
25248	4
25264	5
25280	11
25296	8
25312	5
25328	6
25344	6
25360	8
25376	7
25392	4
25408	5
25424	5
25440	8
25456	7
25472	8
25488	9
25504	6
25520	2
25536	11
25552	6
25568	5
25584	6
25600	5
25616	3
25632	4
25648	10
25664	3
25680	8
25696	5
25712	4
25728	4
25744	6
25760	7
25776	4
25792	8
25808	10
25824	3
25840	7
25856	10
25872	3
25888	8
25904	2
25920	3
25936	5
25952	7
25968	7
25984	12
26000	8
26016	2
26032	5
26048	6
26064	6
26080	4
26096	6
26112	5
26128	8
26144	8
26160	7
26176	7
26192	6
26208	8
26224	10
26240	5
26256	5
26272	8
26288	2
26304	3
26320	4
26336	4
26352	3
26368	10
26384	10
26400	5
26416	8
26432	5
26448	4
26464	11
26480	2
26496	7
26512	6
26528	6
26544	1
26560	1
26576	4
26592	5
26608	4
26624	5
26640	8
26656	11
26672	6
26688	5
26704	6
26720	3
26736	4
26752	7
26768	4
26784	2
26800	5
26816	9
26832	8
26848	2
26864	6
26880	5
26896	6
26912	4
26928	7
26944	1
26960	4
26976	2
26992	4
27008	1
27024	9
27040	5
27056	5
27072	1
27088	4
27104	6
27120	1
27136	4
27152	3
27168	4
27184	6
27200	5
27216	3
27232	3
27248	3
27264	1
27280	4
27296	2
27312	2
27328	5
27344	4
27360	2
27376	4
27392	2
27408	4
27424	5
27440	6
27456	2
27472	2
27488	3
27504	4
27520	3
27536	3
27552	5
27568	5
27584	2
27600	4
27616	6
27632	2
27648	3
27664	5
27680	3
27696	3
27712	2
27728	5
27744	3
27760	3
27776	3
27792	8
27808	2
27824	3
27840	3
27856	2
27872	2
27888	5
27904	4
27920	3
27952	3
27984	11
28000	2
28016	4
28048	8
28064	2
28080	1
28112	6
28128	3
28144	1
28160	5
28176	4
28192	4
28208	4
28224	3
28240	5
28256	3
28272	4
28288	7
28304	4
28320	2
28336	3
28352	5
28368	1
28384	3
28400	6
28416	1
28432	1
28464	1
28480	7
28496	6
28512	4
28528	3
28544	1
28560	3
28576	5
28592	3
28608	4
28624	4
28640	5
28656	3
28672	1
28704	2
28720	5
28736	1
28768	5
28784	5
28800	4
28816	2
28832	3
28848	1
28880	3
28896	6
28912	5
28928	3
28944	4
28960	4
28976	1
28992	2
29008	2
29024	4
29040	3
29056	4
29072	2
29088	4
29104	3
29120	1
29136	2
29152	4
29168	5
29184	6
29200	5
29216	3
29232	3
29248	7
29264	2
29280	2
29296	2
29312	4
29328	3
29344	5
29360	2
29376	1
29392	2
29408	4
29424	1
29440	3
29456	2
29472	2
29488	2
29504	6
29520	2
29536	6
29552	3
29584	3
29616	3
29632	1
29648	2
29664	2
29680	4
29696	4
29712	3
29744	6
29760	2
29776	4
29792	1
29808	3
29824	4
29840	3
29856	2
29872	1
29888	3
29920	3
29952	1
29968	4
29984	2
30000	4
30016	3
30032	1
30048	4
30064	7
30080	4
30096	4
30112	1
30128	3
30144	6
30176	6
30192	3
30208	4
30224	4
30240	4
30272	1
30288	2
30304	3
30320	4
30368	4
30384	4
30400	3
30416	1
30432	2
30448	3
30480	2
30496	1
30512	2
30528	1
30560	6
30576	4
30592	2
30608	4
30624	3
30656	3
30672	1
30688	2
30704	3
30720	3
30752	4
30768	3
30784	4
30800	1
30816	1
30832	2
30848	3
30864	1
30880	2
30896	4
30912	2
30928	3
30944	3
30960	5
30976	4
30992	2
31008	4
31024	1
31040	5
31056	1
31072	1
31088	3
31104	2
31120	1
31136	3
31152	3
31168	1
31184	2
31200	1
31216	3
31232	2
31248	2
31264	1
31280	1
31312	4
31328	3
31344	3
31360	2
31376	1
31392	2
31408	3
31424	4
31440	3
31456	3
31472	1
31488	1
31504	2
31520	2
31536	2
31568	4
31600	2
31616	2
31632	1
31648	1
31664	6
31680	3
31696	1
31712	1
31728	1
31744	3
31760	3
31776	2
31808	1
31824	1
31840	1
31856	1
31872	3
31888	3
31904	1
31920	1
31936	1
31952	4
31968	3
31984	1
32000	4
32016	3
32032	4
32048	5
32080	3
32096	3
32112	1
32128	5
32160	4
32176	2
32192	3
32208	2
32240	1
32256	1
32272	3
32288	3
32304	5
32320	3
32336	3
32352	4
32368	2
32384	2
32400	2
32416	1
32432	3
32448	2
32464	1
32480	1
32496	1
32512	1
32544	1
32560	1
32576	1
32624	1
32656	2
32704	1
32720	1
32736	1
32752	9
